longitude 	 latitude 	 weight
0.546698 	 0.934622 	 559.000000
0.553681 	 0.935083 	 1212.000000
0.551935 	 0.949816 	 1897.000000
0.556590 	 0.954420 	 348.000000
0.558336 	 0.977440 	 1666.000000
0.565610 	 0.959484 	 734.000000
0.562118 	 0.953959 	 814.000000
0.560663 	 0.946593 	 1524.000000
0.559500 	 0.932781 	 307.000000
0.574047 	 0.944751 	 221.000000
0.577539 	 0.950737 	 2617.000000
0.573174 	 0.952578 	 965.000000
0.578702 	 0.969613 	 468.000000
0.568810 	 0.986188 	 473.000000
0.584812 	 1.000000 	 229.000000
0.585103 	 0.983886 	 632.000000
0.587140 	 0.942910 	 10691.000000
0.590922 	 0.943831 	 1143.000000
0.588013 	 0.933702 	 1151.000000
0.590631 	 0.937385 	 1300.000000
0.689264 	 0.941989 	 2137.000000
0.684027 	 0.940608 	 1042.000000
0.674425 	 0.941529 	 932.000000
0.666861 	 0.936924 	 4347.000000
0.643294 	 0.927256 	 1321.000000
0.640384 	 0.932781 	 2760.000000
0.634274 	 0.941529 	 296.000000
0.629037 	 0.957182 	 1068.000000
0.623218 	 0.961786 	 251.000000
0.636602 	 0.933702 	 1376.000000
0.615653 	 0.937385 	 2523.000000
0.616235 	 0.947514 	 3234.000000
0.609252 	 0.956722 	 567.000000
0.596450 	 0.972836 	 633.000000
0.594414 	 0.981584 	 262.000000
0.597905 	 0.980663 	 526.000000
0.595868 	 0.990792 	 115.000000
0.595868 	 0.995856 	 183.000000
0.599651 	 0.994936 	 119.000000
0.599651 	 0.989871 	 270.000000
0.609543 	 0.983886 	 172.000000
0.606343 	 0.976980 	 3781.000000
0.595287 	 0.928637 	 612.000000
0.708467 	 0.927256 	 16732.000000
0.693628 	 0.929558 	 2624.000000
0.699738 	 0.937385 	 284.000000
0.234798 	 0.817219 	 699.000000
0.236543 	 0.844843 	 1345.000000
0.239744 	 0.836096 	 517.000000
0.244981 	 0.815838 	 280.000000
0.243235 	 0.825506 	 630.000000
0.245854 	 0.839779 	 263.000000
0.254582 	 0.837937 	 219.000000
0.255455 	 0.833794 	 143.000000
0.254873 	 0.821823 	 559.000000
0.266511 	 0.820442 	 569.000000
0.266511 	 0.833794 	 767.000000
0.263020 	 0.842541 	 163.000000
0.333430 	 0.836556 	 991.000000
0.335176 	 0.829190 	 749.000000
0.345359 	 0.834715 	 2317.000000
0.347978 	 0.838858 	 1190.000000
0.345650 	 0.841621 	 580.000000
0.347105 	 0.820902 	 550.000000
0.347687 	 0.814457 	 1495.000000
0.362525 	 0.816759 	 1535.000000
0.365726 	 0.822284 	 852.000000
0.330230 	 0.825046 	 212.000000
0.342450 	 0.816759 	 580.000000
0.372418 	 0.872928 	 11197.000000
0.374164 	 0.825967 	 883.000000
0.380273 	 0.820442 	 688.000000
0.356706 	 0.819982 	 315.000000
0.377655 	 0.833794 	 591.000000
0.369217 	 0.834254 	 5687.000000
0.385220 	 0.831492 	 1019.000000
0.352633 	 0.837477 	 4853.000000
0.354670 	 0.846225 	 7599.000000
0.362525 	 0.841621 	 17878.000000
0.369217 	 0.855893 	 11455.000000
0.369217 	 0.846685 	 8184.000000
0.374745 	 0.858195 	 16852.000000
0.381437 	 0.857274 	 15463.000000
0.385511 	 0.818600 	 974.000000
0.364271 	 0.830110 	 9502.000000
0.362525 	 0.825506 	 1635.000000
0.347105 	 0.849908 	 2229.000000
0.350887 	 0.872928 	 18646.000000
0.343323 	 0.865562 	 1006.000000
0.355834 	 0.854972 	 8419.000000
0.358743 	 0.858656 	 5671.000000
0.375327 	 0.889042 	 19718.000000
0.379110 	 0.883057 	 1068.000000
0.405586 	 0.830110 	 1381.000000
0.391039 	 0.865101 	 780.000000
0.396858 	 0.859116 	 613.000000
0.390457 	 0.848527 	 5558.000000
0.393657 	 0.849908 	 3984.000000
0.485598 	 0.841160 	 673.000000
0.390748 	 0.826427 	 988.000000
0.394821 	 0.838398 	 12570.000000
0.395112 	 0.820902 	 3126.000000
0.402386 	 0.822284 	 433.000000
0.400349 	 0.832413 	 4177.000000
0.411405 	 0.829190 	 4975.000000
0.410823 	 0.821363 	 2268.000000
0.411405 	 0.814457 	 826.000000
0.415479 	 0.824586 	 987.000000
0.417224 	 0.819982 	 409.000000
0.416933 	 0.827808 	 681.000000
0.421589 	 0.828269 	 5071.000000
0.427699 	 0.820902 	 623.000000
0.433227 	 0.815838 	 583.000000
0.425080 	 0.831492 	 1461.000000
0.434390 	 0.826888 	 629.000000
0.439919 	 0.822284 	 325.000000
0.429444 	 0.841621 	 252.000000
0.423043 	 0.849908 	 741.000000
0.419843 	 0.839319 	 411.000000
0.414315 	 0.843923 	 467.000000
0.418970 	 0.859576 	 641.000000
0.405295 	 0.842081 	 257.000000
0.409660 	 0.842541 	 156.000000
0.401222 	 0.853131 	 1074.000000
0.393366 	 0.866483 	 3484.000000
0.405004 	 0.857735 	 335.000000
0.411114 	 0.861878 	 2649.000000
0.407914 	 0.874309 	 9803.000000
0.424498 	 0.869245 	 1588.000000
0.430899 	 0.859576 	 619.000000
0.435845 	 0.851750 	 680.000000
0.437300 	 0.845304 	 843.000000
0.445447 	 0.854512 	 516.000000
0.438173 	 0.863720 	 814.000000
0.435554 	 0.870626 	 836.000000
0.431481 	 0.876611 	 1248.000000
0.441082 	 0.869245 	 1907.000000
0.445156 	 0.867864 	 623.000000
0.450684 	 0.874309 	 1133.000000
0.450393 	 0.863260 	 1350.000000
0.456212 	 0.857274 	 724.000000
0.465813 	 0.856354 	 221.000000
0.457085 	 0.851289 	 3570.000000
0.453884 	 0.847145 	 1975.000000
0.447483 	 0.837017 	 878.000000
0.452429 	 0.827348 	 707.000000
0.453884 	 0.822284 	 449.000000
0.464649 	 0.823665 	 671.000000
0.463777 	 0.834254 	 953.000000
0.463486 	 0.839779 	 452.000000
0.466395 	 0.847145 	 658.000000
0.471050 	 0.844843 	 495.000000
0.471050 	 0.835175 	 709.000000
0.475706 	 0.841621 	 559.000000
0.475706 	 0.815838 	 617.000000
0.481234 	 0.817219 	 459.000000
0.484143 	 0.819982 	 1423.000000
0.485307 	 0.814917 	 1171.000000
0.480943 	 0.831952 	 103.000000
0.488507 	 0.831952 	 1305.000000
0.480652 	 0.837017 	 98.000000
0.487344 	 0.846685 	 378.000000
0.483852 	 0.857274 	 389.000000
0.474542 	 0.851289 	 214.000000
0.473669 	 0.865562 	 947.000000
0.462322 	 0.868324 	 1664.000000
0.465231 	 0.878453 	 1875.000000
0.476869 	 0.883978 	 341.000000
0.480361 	 0.880755 	 253.000000
0.481816 	 0.875691 	 317.000000
0.481816 	 0.870166 	 850.000000
0.487926 	 0.872468 	 225.000000
0.485889 	 0.878913 	 528.000000
0.483270 	 0.890884 	 487.000000
0.445447 	 0.816759 	 376.000000
0.583649 	 0.920350 	 1793.000000
0.585685 	 0.889042 	 954.000000
0.583358 	 0.885359 	 457.000000
0.589468 	 0.887661 	 213.000000
0.588013 	 0.876151 	 567.000000
0.578411 	 0.865562 	 1973.000000
0.579866 	 0.865562 	 1863.000000
0.577539 	 0.890424 	 532.000000
0.574920 	 0.887201 	 678.000000
0.590631 	 0.820902 	 6777.000000
0.579866 	 0.814917 	 11839.000000
0.580739 	 0.825506 	 16164.000000
0.574338 	 0.845764 	 2321.000000
0.572301 	 0.851289 	 2891.000000
0.571138 	 0.859576 	 13475.000000
0.588304 	 0.843462 	 944.000000
0.583649 	 0.845304 	 893.000000
0.583067 	 0.850368 	 7197.000000
0.589468 	 0.862799 	 479.000000
0.565900 	 0.861418 	 1072.000000
0.564155 	 0.853131 	 1857.000000
0.562991 	 0.845304 	 3354.000000
0.558918 	 0.839779 	 5805.000000
0.566773 	 0.837477 	 4349.000000
0.568519 	 0.825046 	 5177.000000
0.549025 	 0.818140 	 2671.000000
0.548734 	 0.827348 	 3454.000000
0.552226 	 0.840239 	 4458.000000
0.548443 	 0.840239 	 593.000000
0.556590 	 0.856354 	 1706.000000
0.561827 	 0.880295 	 3252.000000
0.567064 	 0.888582 	 2587.000000
0.570556 	 0.906538 	 2622.000000
0.563573 	 0.903315 	 1076.000000
0.560081 	 0.898250 	 687.000000
0.556008 	 0.895488 	 464.000000
0.547862 	 0.878913 	 744.000000
0.548734 	 0.861418 	 580.000000
0.544370 	 0.848987 	 1032.000000
0.541461 	 0.849448 	 1329.000000
0.539715 	 0.847145 	 536.000000
0.535642 	 0.851289 	 1575.000000
0.540879 	 0.833794 	 835.000000
0.537969 	 0.830110 	 1594.000000
0.537678 	 0.821363 	 423.000000
0.541461 	 0.821363 	 1144.000000
0.532732 	 0.818600 	 4058.000000
0.525458 	 0.820902 	 7671.000000
0.523422 	 0.831952 	 17708.000000
0.519348 	 0.837017 	 14805.000000
0.521094 	 0.839779 	 2885.000000
0.527495 	 0.846225 	 1545.000000
0.529532 	 0.849448 	 1325.000000
0.524003 	 0.849908 	 662.000000
0.531859 	 0.859116 	 1113.000000
0.535642 	 0.872007 	 515.000000
0.542624 	 0.882136 	 368.000000
0.544079 	 0.883978 	 399.000000
0.534478 	 0.882597 	 182.000000
0.529532 	 0.883057 	 233.000000
0.522840 	 0.884438 	 902.000000
0.523131 	 0.877072 	 206.000000
0.524876 	 0.859116 	 1972.000000
0.527495 	 0.873849 	 145.000000
0.531568 	 0.878453 	 350.000000
0.517603 	 0.842541 	 7383.000000
0.516439 	 0.867403 	 1542.000000
0.515857 	 0.872468 	 323.000000
0.515275 	 0.879834 	 795.000000
0.508874 	 0.884899 	 3119.000000
0.516730 	 0.893646 	 3455.000000
0.513238 	 0.900092 	 439.000000
0.508001 	 0.888582 	 2531.000000
0.503637 	 0.903775 	 1513.000000
0.496363 	 0.907459 	 711.000000
0.490835 	 0.894107 	 1168.000000
0.499564 	 0.889963 	 1969.000000
0.501309 	 0.877532 	 3418.000000
0.493163 	 0.872007 	 305.000000
0.509165 	 0.864180 	 2999.000000
0.499564 	 0.861418 	 1228.000000
0.503346 	 0.855893 	 443.000000
0.497527 	 0.852670 	 624.000000
0.494035 	 0.855433 	 957.000000
0.494035 	 0.845304 	 1414.000000
0.493163 	 0.839319 	 856.000000
0.498400 	 0.837937 	 9180.000000
0.501309 	 0.837017 	 6961.000000
0.507128 	 0.837017 	 4011.000000
0.508874 	 0.843923 	 2635.000000
0.508292 	 0.849448 	 5216.000000
0.499273 	 0.828729 	 1892.000000
0.493163 	 0.828729 	 315.000000
0.493454 	 0.820442 	 505.000000
0.496945 	 0.817680 	 1287.000000
0.505383 	 0.826427 	 621.000000
0.506546 	 0.828269 	 1886.000000
0.497527 	 0.814917 	 3366.000000
0.504801 	 0.814457 	 535.000000
0.517021 	 0.816298 	 4343.000000
0.489962 	 0.822284 	 1182.000000
0.595287 	 0.822744 	 3943.000000
0.600233 	 0.819521 	 3379.000000
0.615944 	 0.828269 	 295.000000
0.633401 	 0.824125 	 4311.000000
0.638929 	 0.818140 	 3760.000000
0.633983 	 0.834715 	 566.000000
0.640093 	 0.837477 	 377.000000
0.628455 	 0.853591 	 2561.000000
0.642712 	 0.846225 	 3283.000000
0.631074 	 0.864641 	 997.000000
0.625546 	 0.861418 	 3467.000000
0.619436 	 0.867864 	 1388.000000
0.614780 	 0.868324 	 5369.000000
0.620599 	 0.815378 	 2457.000000
0.600524 	 0.835635 	 1402.000000
0.593541 	 0.858195 	 2307.000000
0.599069 	 0.864641 	 3738.000000
0.611580 	 0.851750 	 86143.000000
0.691301 	 0.814457 	 2589.000000
0.655223 	 0.825046 	 2038.000000
0.670643 	 0.833794 	 8937.000000
0.683154 	 0.826427 	 3884.000000
0.671516 	 0.841160 	 3536.000000
0.647367 	 0.862339 	 704.000000
0.649404 	 0.848527 	 6799.000000
0.661914 	 0.852210 	 3363.000000
0.657259 	 0.861878 	 1830.000000
0.661914 	 0.864180 	 709.000000
0.670934 	 0.860958 	 1806.000000
0.678790 	 0.860497 	 1589.000000
0.679662 	 0.841621 	 3925.000000
0.681699 	 0.833333 	 16619.000000
0.651440 	 0.905157 	 819.000000
0.647949 	 0.879834 	 19698.000000
0.658714 	 0.892726 	 1468.000000
0.660460 	 0.900552 	 1942.000000
0.672680 	 0.921271 	 642.000000
0.680244 	 0.920350 	 324.000000
0.691592 	 0.921731 	 763.000000
0.677917 	 0.902394 	 1783.000000
0.685772 	 0.900092 	 1829.000000
0.671516 	 0.904696 	 1757.000000
0.667152 	 0.891805 	 635.000000
0.684609 	 0.889503 	 934.000000
0.688682 	 0.882136 	 2164.000000
0.678499 	 0.866022 	 1810.000000
0.663660 	 0.875230 	 835.000000
0.607797 	 0.874309 	 1639.000000
0.626709 	 0.877532 	 1854.000000
0.620890 	 0.878913 	 1241.000000
0.610707 	 0.881676 	 661.000000
0.639511 	 0.870626 	 2962.000000
0.633110 	 0.883517 	 622.000000
0.623509 	 0.888582 	 539.000000
0.617399 	 0.891344 	 509.000000
0.601688 	 0.882136 	 1183.000000
0.594414 	 0.887201 	 428.000000
0.599069 	 0.889042 	 325.000000
0.604015 	 0.892726 	 533.000000
0.601106 	 0.898711 	 1556.000000
0.601688 	 0.900092 	 1446.000000
0.611580 	 0.907459 	 1135.000000
0.611580 	 0.916667 	 365.000000
0.604015 	 0.921271 	 983.000000
0.594414 	 0.914365 	 1462.000000
0.622636 	 0.913444 	 521.000000
0.634565 	 0.892265 	 1372.000000
0.627000 	 0.918969 	 997.000000
0.643003 	 0.906077 	 1286.000000
0.625255 	 0.922192 	 776.000000
0.740762 	 0.902394 	 716.000000
0.745708 	 0.897330 	 1082.000000
0.741635 	 0.893186 	 485.000000
0.706139 	 0.909300 	 1208.000000
0.696829 	 0.903315 	 544.000000
0.717195 	 0.906538 	 1306.000000
0.727379 	 0.910681 	 1442.000000
0.734070 	 0.906998 	 1087.000000
0.725342 	 0.901934 	 747.000000
0.715450 	 0.895948 	 1150.000000
0.707012 	 0.895028 	 2492.000000
0.720687 	 0.920810 	 3646.000000
0.754437 	 0.888582 	 8642.000000
0.752691 	 0.883057 	 1301.000000
0.737271 	 0.886280 	 917.000000
0.723014 	 0.878913 	 2240.000000
0.695083 	 0.886740 	 9152.000000
0.704975 	 0.878913 	 3072.000000
0.711958 	 0.873389 	 4074.000000
0.720687 	 0.858656 	 483.000000
0.702939 	 0.861878 	 738.000000
0.709630 	 0.858656 	 2191.000000
0.725051 	 0.850368 	 4426.000000
0.727088 	 0.843462 	 1665.000000
0.694792 	 0.850368 	 995.000000
0.736980 	 0.877532 	 9823.000000
0.728542 	 0.865101 	 1924.000000
0.754437 	 0.876151 	 3647.000000
0.758510 	 0.855433 	 1620.000000
0.767239 	 0.863720 	 12475.000000
0.697411 	 0.840700 	 2986.000000
0.712831 	 0.840700 	 1955.000000
0.716613 	 0.836096 	 1165.000000
0.743090 	 0.865562 	 983.000000
0.747163 	 0.851750 	 853.000000
0.734070 	 0.838398 	 2753.000000
0.732325 	 0.820442 	 1233.000000
0.698865 	 0.817680 	 4981.000000
0.701484 	 0.820902 	 10749.000000
0.707594 	 0.828729 	 3320.000000
0.754728 	 0.836096 	 7804.000000
0.761420 	 0.848527 	 817.000000
0.764620 	 0.839319 	 2472.000000
0.768694 	 0.857735 	 2618.000000
0.773640 	 0.854052 	 2239.000000
0.771312 	 0.849448 	 979.000000
0.771021 	 0.831952 	 680.000000
0.775676 	 0.826427 	 1933.000000
0.774222 	 0.842081 	 8295.000000
0.754437 	 0.817219 	 74136.000000
0.779750 	 0.843923 	 9413.000000
0.793424 	 0.816759 	 1815.000000
0.780332 	 0.837937 	 6221.000000
0.793134 	 0.832873 	 1717.000000
0.789642 	 0.828269 	 3817.000000
0.778295 	 0.818140 	 1602.000000
0.783823 	 0.829650 	 1008.000000
0.797789 	 0.839779 	 5432.000000
0.801280 	 0.840239 	 3028.000000
0.810591 	 0.833794 	 5207.000000
0.812918 	 0.825506 	 5760.000000
0.806226 	 0.819061 	 3046.000000
0.797498 	 0.815838 	 665.000000
0.804481 	 0.831952 	 2135.000000
0.797207 	 0.836556 	 1014.000000
0.210649 	 0.782228 	 154.000000
0.272912 	 0.772560 	 96.000000
0.275531 	 0.739871 	 47.000000
0.223742 	 0.706262 	 1509.000000
0.279604 	 0.796961 	 256.000000
0.222578 	 0.725138 	 115.000000
0.228106 	 0.716851 	 386.000000
0.232179 	 0.722376 	 1885.000000
0.235962 	 0.726519 	 320.000000
0.244690 	 0.736188 	 466.000000
0.243817 	 0.738950 	 126.000000
0.229561 	 0.729742 	 216.000000
0.261856 	 0.721915 	 485.000000
0.263602 	 0.733886 	 539.000000
0.267093 	 0.745396 	 239.000000
0.257783 	 0.747698 	 250.000000
0.253128 	 0.749079 	 34.000000
0.243817 	 0.749079 	 135.000000
0.245563 	 0.759208 	 83.000000
0.258656 	 0.762431 	 167.000000
0.266221 	 0.771179 	 46.000000
0.276695 	 0.704420 	 3193.000000
0.282805 	 0.711786 	 2325.000000
0.281350 	 0.716390 	 141.000000
0.278731 	 0.715470 	 863.000000
0.276113 	 0.730663 	 149.000000
0.280768 	 0.732044 	 134.000000
0.254873 	 0.705801 	 4331.000000
0.282514 	 0.746317 	 313.000000
0.277277 	 0.732505 	 44.000000
0.280477 	 0.769337 	 846.000000
0.278150 	 0.762431 	 920.000000
0.267093 	 0.777624 	 808.000000
0.258074 	 0.779006 	 85.000000
0.249927 	 0.770718 	 141.000000
0.215013 	 0.782689 	 185.000000
0.222578 	 0.790516 	 147.000000
0.220832 	 0.791436 	 331.000000
0.222287 	 0.803867 	 427.000000
0.233925 	 0.792357 	 660.000000
0.242363 	 0.798343 	 709.000000
0.250509 	 0.804788 	 7004.000000
0.250800 	 0.797882 	 1189.000000
0.241199 	 0.789134 	 358.000000
0.223160 	 0.779006 	 57.000000
0.261274 	 0.809392 	 1504.000000
0.271458 	 0.809853 	 433.000000
0.269130 	 0.800184 	 770.000000
0.260983 	 0.797422 	 1993.000000
0.279022 	 0.801105 	 81.000000
0.276695 	 0.802026 	 140.000000
0.279313 	 0.807551 	 400.000000
0.284841 	 0.714549 	 241.000000
0.384056 	 0.709484 	 547.000000
0.377364 	 0.710866 	 1712.000000
0.385511 	 0.711786 	 203.000000
0.375036 	 0.719153 	 2159.000000
0.367763 	 0.717311 	 1309.000000
0.370090 	 0.726519 	 220.000000
0.374164 	 0.725599 	 424.000000
0.378528 	 0.722836 	 1261.000000
0.378528 	 0.730203 	 151.000000
0.386093 	 0.726519 	 3467.000000
0.386383 	 0.752302 	 5351.000000
0.375909 	 0.751842 	 1505.000000
0.387838 	 0.765654 	 2358.000000
0.371254 	 0.747698 	 1155.000000
0.367181 	 0.746317 	 464.000000
0.363107 	 0.741713 	 575.000000
0.364853 	 0.709945 	 1025.000000
0.362816 	 0.714549 	 552.000000
0.358452 	 0.719153 	 325.000000
0.363107 	 0.716851 	 49.000000
0.359907 	 0.721915 	 1051.000000
0.355252 	 0.703499 	 648.000000
0.336631 	 0.703499 	 1332.000000
0.355543 	 0.719613 	 179.000000
0.348560 	 0.733425 	 1125.000000
0.348851 	 0.706722 	 1334.000000
0.346232 	 0.703959 	 3056.000000
0.343614 	 0.707643 	 1294.000000
0.336049 	 0.725138 	 110.000000
0.289206 	 0.714549 	 195.000000
0.287169 	 0.731123 	 132.000000
0.292406 	 0.746777 	 212.000000
0.286878 	 0.763352 	 3113.000000
0.287169 	 0.794199 	 228.000000
0.297061 	 0.799263 	 363.000000
0.297352 	 0.772560 	 1146.000000
0.295316 	 0.761971 	 1319.000000
0.293570 	 0.712707 	 1903.000000
0.296189 	 0.712247 	 1669.000000
0.300262 	 0.713628 	 263.000000
0.298807 	 0.721455 	 145.000000
0.307245 	 0.713628 	 1440.000000
0.314518 	 0.733886 	 7901.000000
0.307827 	 0.731584 	 501.000000
0.317428 	 0.744475 	 269.000000
0.314809 	 0.754144 	 70.000000
0.320919 	 0.732044 	 317.000000
0.322374 	 0.736648 	 318.000000
0.326738 	 0.735727 	 363.000000
0.330230 	 0.735267 	 528.000000
0.333139 	 0.737109 	 179.000000
0.343614 	 0.745396 	 83.000000
0.308699 	 0.759208 	 332.000000
0.302880 	 0.766114 	 2065.000000
0.308408 	 0.767495 	 499.000000
0.315391 	 0.764273 	 2283.000000
0.309572 	 0.778545 	 11515.000000
0.315391 	 0.775783 	 2398.000000
0.303462 	 0.794659 	 94.000000
0.302880 	 0.800184 	 347.000000
0.314518 	 0.790516 	 439.000000
0.306954 	 0.808932 	 132.000000
0.308118 	 0.813076 	 188.000000
0.322956 	 0.769337 	 1388.000000
0.324411 	 0.756906 	 265.000000
0.334012 	 0.769337 	 388.000000
0.337504 	 0.768877 	 460.000000
0.337504 	 0.759208 	 343.000000
0.343032 	 0.767035 	 466.000000
0.344777 	 0.775322 	 556.000000
0.325284 	 0.808471 	 1146.000000
0.327611 	 0.797422 	 1013.000000
0.336922 	 0.786372 	 850.000000
0.337795 	 0.808011 	 1294.000000
0.342741 	 0.806630 	 4672.000000
0.352633 	 0.803867 	 1061.000000
0.343614 	 0.785912 	 434.000000
0.352924 	 0.799724 	 2823.000000
0.351760 	 0.790516 	 1573.000000
0.352342 	 0.782228 	 825.000000
0.360489 	 0.793738 	 471.000000
0.364562 	 0.807090 	 797.000000
0.363398 	 0.791436 	 599.000000
0.362816 	 0.789134 	 549.000000
0.369217 	 0.792357 	 1585.000000
0.377946 	 0.813076 	 824.000000
0.384929 	 0.794199 	 1299.000000
0.381728 	 0.790516 	 279.000000
0.376782 	 0.794659 	 648.000000
0.362816 	 0.775322 	 295.000000
0.359034 	 0.709024 	 1565.000000
0.393948 	 0.711786 	 660.000000
0.389584 	 0.707182 	 60.000000
0.402677 	 0.714088 	 3482.000000
0.401804 	 0.719613 	 412.000000
0.411114 	 0.725138 	 1699.000000
0.414024 	 0.715009 	 3447.000000
0.430608 	 0.707643 	 2636.000000
0.445156 	 0.708564 	 1104.000000
0.446901 	 0.718232 	 3663.000000
0.447192 	 0.725599 	 1390.000000
0.487344 	 0.704420 	 1544.000000
0.478906 	 0.707643 	 544.000000
0.467559 	 0.707643 	 233.000000
0.464940 	 0.714088 	 685.000000
0.470177 	 0.711786 	 2493.000000
0.472796 	 0.721455 	 227.000000
0.476578 	 0.730203 	 978.000000
0.472796 	 0.740792 	 874.000000
0.485307 	 0.731123 	 2020.000000
0.486762 	 0.737569 	 1243.000000
0.480361 	 0.745396 	 2081.000000
0.487635 	 0.756446 	 1027.000000
0.478324 	 0.750921 	 2551.000000
0.478324 	 0.761050 	 1579.000000
0.488216 	 0.768877 	 4426.000000
0.484434 	 0.784991 	 1971.000000
0.489380 	 0.786832 	 2180.000000
0.480070 	 0.790055 	 2357.000000
0.481234 	 0.796961 	 3226.000000
0.482106 	 0.805249 	 1183.000000
0.416351 	 0.727440 	 2682.000000
0.441664 	 0.724217 	 3088.000000
0.430026 	 0.728361 	 1645.000000
0.437591 	 0.734346 	 4017.000000
0.440791 	 0.740331 	 8462.000000
0.431190 	 0.747698 	 6635.000000
0.435554 	 0.751842 	 9598.000000
0.431190 	 0.755064 	 5502.000000
0.450393 	 0.755985 	 2895.000000
0.460867 	 0.756906 	 1009.000000
0.458830 	 0.748619 	 1243.000000
0.448647 	 0.745856 	 705.000000
0.454175 	 0.737569 	 749.000000
0.462613 	 0.737109 	 839.000000
0.462613 	 0.724678 	 271.000000
0.463195 	 0.720074 	 923.000000
0.467559 	 0.729742 	 696.000000
0.467268 	 0.732965 	 645.000000
0.464358 	 0.747698 	 2595.000000
0.464649 	 0.755064 	 1084.000000
0.458539 	 0.764733 	 3407.000000
0.463195 	 0.774401 	 6627.000000
0.470468 	 0.781768 	 7866.000000
0.474542 	 0.775783 	 5721.000000
0.462031 	 0.778085 	 3409.000000
0.464940 	 0.793278 	 16034.000000
0.471341 	 0.792357 	 5752.000000
0.471050 	 0.797882 	 2281.000000
0.470759 	 0.803407 	 1086.000000
0.463486 	 0.803867 	 4706.000000
0.398603 	 0.735267 	 1365.000000
0.407623 	 0.728361 	 1752.000000
0.417224 	 0.733425 	 1412.000000
0.421298 	 0.747698 	 477.000000
0.424498 	 0.767035 	 3964.000000
0.398603 	 0.761050 	 623.000000
0.390166 	 0.739411 	 3758.000000
0.419261 	 0.756906 	 2179.000000
0.421589 	 0.765193 	 817.000000
0.418679 	 0.761971 	 3880.000000
0.407914 	 0.755985 	 2361.000000
0.401513 	 0.749540 	 1513.000000
0.403259 	 0.743094 	 767.000000
0.415479 	 0.753223 	 1007.000000
0.413151 	 0.749540 	 965.000000
0.408205 	 0.745856 	 1424.000000
0.444283 	 0.757366 	 675.000000
0.431481 	 0.771639 	 17442.000000
0.429735 	 0.777624 	 6741.000000
0.424789 	 0.784991 	 231.000000
0.428280 	 0.792357 	 349.000000
0.438464 	 0.778085 	 1658.000000
0.438755 	 0.772560 	 1006.000000
0.441082 	 0.769797 	 4920.000000
0.442246 	 0.778085 	 1738.000000
0.441955 	 0.788214 	 2822.000000
0.443119 	 0.801105 	 106.000000
0.446610 	 0.793278 	 863.000000
0.454757 	 0.795580 	 3212.000000
0.454757 	 0.793278 	 1995.000000
0.458248 	 0.784070 	 372.000000
0.453593 	 0.781768 	 4622.000000
0.450975 	 0.782689 	 3455.000000
0.452138 	 0.775322 	 2005.000000
0.448647 	 0.773941 	 2413.000000
0.438755 	 0.812615 	 339.000000
0.427117 	 0.812615 	 547.000000
0.430608 	 0.809392 	 106.000000
0.432063 	 0.804788 	 434.000000
0.423625 	 0.803867 	 245.000000
0.418097 	 0.809392 	 262.000000
0.419552 	 0.808011 	 305.000000
0.417224 	 0.802026 	 387.000000
0.418970 	 0.801105 	 680.000000
0.421589 	 0.792818 	 1164.000000
0.413442 	 0.788674 	 537.000000
0.411405 	 0.802947 	 1135.000000
0.404713 	 0.797422 	 514.000000
0.402386 	 0.768877 	 909.000000
0.397731 	 0.787293 	 1185.000000
0.397731 	 0.793738 	 1935.000000
0.398312 	 0.797882 	 1619.000000
0.402095 	 0.808471 	 1901.000000
0.399767 	 0.808471 	 448.000000
0.388711 	 0.811694 	 1031.000000
0.390748 	 0.803867 	 411.000000
0.390748 	 0.796961 	 384.000000
0.391039 	 0.791436 	 148.000000
0.457958 	 0.729282 	 139.000000
0.511202 	 0.707182 	 1983.000000
0.506255 	 0.708564 	 659.000000
0.499855 	 0.710866 	 226.000000
0.502764 	 0.716851 	 210.000000
0.508583 	 0.714088 	 346.000000
0.515857 	 0.705341 	 172.000000
0.514111 	 0.714549 	 347.000000
0.517021 	 0.714549 	 287.000000
0.506255 	 0.723297 	 833.000000
0.492581 	 0.719613 	 640.000000
0.587140 	 0.704880 	 1811.000000
0.492872 	 0.712247 	 1100.000000
0.495490 	 0.716851 	 4630.000000
0.494617 	 0.722836 	 6580.000000
0.497818 	 0.728361 	 2353.000000
0.490544 	 0.731584 	 371.000000
0.496945 	 0.741252 	 937.000000
0.491417 	 0.750460 	 542.000000
0.491999 	 0.760129 	 612.000000
0.498109 	 0.759669 	 2019.000000
0.503637 	 0.742634 	 1699.000000
0.506546 	 0.743094 	 1332.000000
0.511493 	 0.741252 	 479.000000
0.507419 	 0.750921 	 1617.000000
0.513529 	 0.754144 	 313.000000
0.517894 	 0.755525 	 271.000000
0.521967 	 0.746777 	 2067.000000
0.524003 	 0.751381 	 829.000000
0.528659 	 0.752302 	 366.000000
0.532732 	 0.753223 	 603.000000
0.533023 	 0.738490 	 865.000000
0.529241 	 0.730203 	 5891.000000
0.521385 	 0.730663 	 867.000000
0.524294 	 0.720074 	 150.000000
0.529532 	 0.710866 	 764.000000
0.533314 	 0.719613 	 376.000000
0.539133 	 0.710405 	 766.000000
0.535642 	 0.725599 	 1454.000000
0.540297 	 0.744475 	 1057.000000
0.538842 	 0.752302 	 1054.000000
0.545534 	 0.755985 	 932.000000
0.549607 	 0.758748 	 248.000000
0.537096 	 0.757366 	 719.000000
0.537678 	 0.763812 	 1588.000000
0.534769 	 0.772099 	 3698.000000
0.536514 	 0.781308 	 3727.000000
0.532732 	 0.780847 	 3921.000000
0.531568 	 0.771639 	 3500.000000
0.528659 	 0.772099 	 5175.000000
0.529241 	 0.762431 	 613.000000
0.519057 	 0.763812 	 1662.000000
0.512365 	 0.759208 	 624.000000
0.507128 	 0.762891 	 208.000000
0.514111 	 0.772560 	 12230.000000
0.506837 	 0.770258 	 4493.000000
0.503055 	 0.778545 	 1032.000000
0.494326 	 0.770258 	 880.000000
0.498400 	 0.781308 	 417.000000
0.501018 	 0.789595 	 726.000000
0.505674 	 0.789134 	 2946.000000
0.508874 	 0.791436 	 1832.000000
0.517894 	 0.785451 	 2078.000000
0.521094 	 0.781768 	 897.000000
0.527786 	 0.782228 	 604.000000
0.537969 	 0.790976 	 2131.000000
0.528368 	 0.791897 	 1056.000000
0.525458 	 0.791897 	 1299.000000
0.524585 	 0.801565 	 1166.000000
0.532732 	 0.806630 	 8373.000000
0.530404 	 0.813996 	 1311.000000
0.519930 	 0.809392 	 2552.000000
0.522258 	 0.806630 	 3235.000000
0.520512 	 0.797422 	 1359.000000
0.513820 	 0.799263 	 1022.000000
0.509747 	 0.802947 	 1064.000000
0.512656 	 0.806169 	 3740.000000
0.501309 	 0.799724 	 1821.000000
0.503928 	 0.802947 	 1254.000000
0.546407 	 0.727901 	 3750.000000
0.542042 	 0.737109 	 2113.000000
0.553099 	 0.735267 	 9474.000000
0.546989 	 0.713628 	 522.000000
0.555135 	 0.708103 	 1036.000000
0.560081 	 0.730663 	 1167.000000
0.570847 	 0.718232 	 2699.000000
0.569392 	 0.709945 	 703.000000
0.572883 	 0.741252 	 6500.000000
0.560954 	 0.760129 	 1905.000000
0.551935 	 0.745396 	 2131.000000
0.556008 	 0.755064 	 2652.000000
0.568810 	 0.753683 	 15589.000000
0.585103 	 0.726519 	 16505.000000
0.581030 	 0.735727 	 4352.000000
0.588595 	 0.740792 	 4602.000000
0.549025 	 0.773941 	 4764.000000
0.549316 	 0.765193 	 954.000000
0.557172 	 0.767035 	 3445.000000
0.552226 	 0.783149 	 3003.000000
0.547862 	 0.792818 	 8360.000000
0.551353 	 0.796961 	 13513.000000
0.541461 	 0.800184 	 21558.000000
0.539715 	 0.812615 	 2012.000000
0.543206 	 0.810313 	 4645.000000
0.548152 	 0.808011 	 3602.000000
0.551353 	 0.803407 	 2601.000000
0.552808 	 0.805709 	 5814.000000
0.555135 	 0.813996 	 13161.000000
0.489671 	 0.810773 	 817.000000
0.491708 	 0.790055 	 7330.000000
0.582194 	 0.806630 	 11168.000000
0.491417 	 0.799263 	 3454.000000
0.492872 	 0.804788 	 3296.000000
0.501891 	 0.808011 	 341.000000
0.583358 	 0.749079 	 4279.000000
0.580739 	 0.756446 	 12980.000000
0.580157 	 0.768416 	 11434.000000
0.578411 	 0.742173 	 15576.000000
0.574629 	 0.756906 	 7057.000000
0.588595 	 0.797422 	 20947.000000
0.570847 	 0.783610 	 345215.000000
0.575793 	 0.751842 	 4635.000000
0.494035 	 0.754144 	 1093.000000
0.588886 	 0.809853 	 5731.000000
0.692464 	 0.761971 	 2009.000000
0.684900 	 0.758748 	 268.000000
0.688973 	 0.782228 	 3490.000000
0.681408 	 0.782228 	 2439.000000
0.692173 	 0.791897 	 1080.000000
0.690428 	 0.798803 	 1318.000000
0.681408 	 0.807090 	 7044.000000
0.665406 	 0.808471 	 2379.000000
0.655514 	 0.765193 	 1763.000000
0.641548 	 0.767035 	 3833.000000
0.646494 	 0.783610 	 3607.000000
0.638347 	 0.810773 	 1467.000000
0.654059 	 0.792818 	 342.000000
0.670061 	 0.711326 	 4957.000000
0.661624 	 0.711786 	 3081.000000
0.656386 	 0.719153 	 4422.000000
0.667443 	 0.722376 	 1403.000000
0.673843 	 0.717311 	 991.000000
0.678790 	 0.714549 	 2290.000000
0.684900 	 0.709484 	 567.000000
0.665697 	 0.730663 	 951.000000
0.654641 	 0.737109 	 8147.000000
0.640384 	 0.728361 	 10426.000000
0.638638 	 0.737569 	 5732.000000
0.691882 	 0.750460 	 7834.000000
0.635147 	 0.712247 	 7345.000000
0.637475 	 0.714088 	 15094.000000
0.621763 	 0.723757 	 6845.000000
0.613035 	 0.717772 	 10503.000000
0.604597 	 0.725138 	 7566.000000
0.601978 	 0.730663 	 4015.000000
0.595868 	 0.731584 	 10898.000000
0.601978 	 0.711786 	 19506.000000
0.633401 	 0.732505 	 4592.000000
0.638929 	 0.750460 	 8388.000000
0.620599 	 0.739871 	 2685.000000
0.611580 	 0.733425 	 3780.000000
0.604888 	 0.748619 	 6474.000000
0.611580 	 0.753683 	 3535.000000
0.619145 	 0.751842 	 7137.000000
0.631946 	 0.813996 	 779.000000
0.617690 	 0.793278 	 4009.000000
0.623218 	 0.796501 	 3546.000000
0.624673 	 0.782228 	 8968.000000
0.633692 	 0.783610 	 2056.000000
0.622636 	 0.769797 	 1104.000000
0.610416 	 0.807551 	 14583.000000
0.594414 	 0.804328 	 4672.000000
0.605470 	 0.793738 	 12080.000000
0.596450 	 0.788674 	 3607.000000
0.593250 	 0.783610 	 6545.000000
0.601978 	 0.781308 	 5361.000000
0.600233 	 0.768416 	 6924.000000
0.628746 	 0.762431 	 16815.000000
0.611289 	 0.773481 	 25560.000000
0.759965 	 0.781308 	 1085.000000
0.749200 	 0.767035 	 1352.000000
0.768985 	 0.753223 	 1787.000000
0.763166 	 0.768416 	 5361.000000
0.735525 	 0.761050 	 2320.000000
0.723014 	 0.765193 	 438.000000
0.727669 	 0.778085 	 1390.000000
0.735816 	 0.781768 	 1504.000000
0.734070 	 0.796041 	 15710.000000
0.743090 	 0.785912 	 988.000000
0.748618 	 0.790516 	 1331.000000
0.758219 	 0.799263 	 5197.000000
0.711958 	 0.751381 	 895.000000
0.711376 	 0.760129 	 1123.000000
0.701775 	 0.770258 	 815.000000
0.697992 	 0.778085 	 1210.000000
0.702357 	 0.782689 	 2062.000000
0.716904 	 0.789134 	 3732.000000
0.727669 	 0.811234 	 15926.000000
0.713122 	 0.810313 	 9277.000000
0.712540 	 0.723757 	 1543.000000
0.718068 	 0.711786 	 1942.000000
0.771312 	 0.705341 	 2527.000000
0.784405 	 0.734346 	 3779.000000
0.791679 	 0.750921 	 1567.000000
0.787896 	 0.777624 	 949.000000
0.791679 	 0.794199 	 9735.000000
0.772476 	 0.785451 	 2659.000000
0.766075 	 0.790516 	 1633.000000
0.780041 	 0.813076 	 813.000000
0.774513 	 0.808471 	 1957.000000
0.770439 	 0.808932 	 3760.000000
0.810300 	 0.810773 	 6152.000000
0.816701 	 0.799263 	 3993.000000
0.805935 	 0.809853 	 3491.000000
0.800989 	 0.805249 	 3494.000000
0.797498 	 0.801565 	 1520.000000
0.797207 	 0.763812 	 6541.000000
0.158859 	 0.600829 	 304.000000
0.166715 	 0.598527 	 438.000000
0.175444 	 0.620166 	 10942.000000
0.168170 	 0.627072 	 1088.000000
0.182136 	 0.646409 	 239.000000
0.227524 	 0.598066 	 2347.000000
0.188246 	 0.611878 	 887.000000
0.282805 	 0.688306 	 471.000000
0.195228 	 0.644107 	 36272.000000
0.201920 	 0.597145 	 599.000000
0.199884 	 0.600368 	 1449.000000
0.204248 	 0.615562 	 919.000000
0.208321 	 0.620166 	 1411.000000
0.210649 	 0.621547 	 1878.000000
0.215595 	 0.624309 	 1363.000000
0.208030 	 0.604512 	 582.000000
0.211813 	 0.599448 	 400.000000
0.210940 	 0.614641 	 726.000000
0.215013 	 0.610497 	 70.000000
0.215304 	 0.604052 	 497.000000
0.229852 	 0.599448 	 2922.000000
0.237416 	 0.610497 	 1588.000000
0.247891 	 0.634438 	 711.000000
0.226360 	 0.629374 	 325.000000
0.222578 	 0.627532 	 1246.000000
0.228106 	 0.640424 	 238.000000
0.256910 	 0.607274 	 666.000000
0.256037 	 0.593923 	 2749.000000
0.235089 	 0.620166 	 269.000000
0.243526 	 0.604972 	 631.000000
0.254001 	 0.613260 	 1090.000000
0.265930 	 0.614641 	 418.000000
0.265057 	 0.601750 	 572.000000
0.267675 	 0.595764 	 373.000000
0.271749 	 0.604052 	 396.000000
0.274949 	 0.607735 	 596.000000
0.274949 	 0.622007 	 2429.000000
0.279604 	 0.634438 	 727.000000
0.281059 	 0.626151 	 297.000000
0.283387 	 0.621547 	 629.000000
0.284550 	 0.599908 	 1279.000000
0.281350 	 0.643186 	 922.000000
0.284550 	 0.650092 	 2970.000000
0.286005 	 0.656077 	 7369.000000
0.252837 	 0.623849 	 3297.000000
0.261274 	 0.641805 	 748.000000
0.265930 	 0.637661 	 834.000000
0.283678 	 0.667127 	 2286.000000
0.279895 	 0.673112 	 1096.000000
0.262729 	 0.651013 	 531.000000
0.258365 	 0.648711 	 353.000000
0.250509 	 0.648711 	 506.000000
0.217050 	 0.656077 	 856.000000
0.224905 	 0.662063 	 1178.000000
0.233634 	 0.669890 	 4964.000000
0.237125 	 0.672192 	 980.000000
0.245272 	 0.680479 	 551.000000
0.248763 	 0.682320 	 1130.000000
0.256328 	 0.688766 	 652.000000
0.263893 	 0.690147 	 1458.000000
0.272040 	 0.691068 	 1487.000000
0.239162 	 0.600829 	 520.000000
0.242363 	 0.697053 	 143.000000
0.209194 	 0.664365 	 452.000000
0.211813 	 0.681860 	 975.000000
0.233634 	 0.699816 	 1245.000000
0.234798 	 0.596685 	 3902.000000
0.241199 	 0.617864 	 1779.000000
0.249345 	 0.601750 	 565.000000
0.244981 	 0.597606 	 803.000000
0.225196 	 0.691989 	 41.000000
0.262438 	 0.634438 	 472.000000
0.247018 	 0.619245 	 3748.000000
0.300553 	 0.657459 	 547.000000
0.337213 	 0.611878 	 57.000000
0.287751 	 0.596685 	 242.000000
0.292697 	 0.601750 	 1192.000000
0.301717 	 0.608656 	 2921.000000
0.293570 	 0.613260 	 3363.000000
0.291824 	 0.611878 	 810.000000
0.291824 	 0.621547 	 888.000000
0.313064 	 0.595304 	 2170.000000
0.307827 	 0.661602 	 60.000000
0.315973 	 0.608656 	 2691.000000
0.323247 	 0.622928 	 1900.000000
0.331976 	 0.601750 	 8958.000000
0.327029 	 0.600368 	 168.000000
0.332267 	 0.619245 	 147.000000
0.333721 	 0.625691 	 69.000000
0.338086 	 0.623389 	 316.000000
0.336631 	 0.616943 	 503.000000
0.333430 	 0.608656 	 90.000000
0.336340 	 0.606354 	 95.000000
0.336340 	 0.634899 	 149.000000
0.338958 	 0.598987 	 3396.000000
0.343323 	 0.604512 	 5106.000000
0.345941 	 0.605893 	 563.000000
0.344486 	 0.616022 	 3927.000000
0.347978 	 0.601289 	 910.000000
0.345359 	 0.630755 	 738.000000
0.352051 	 0.611878 	 2044.000000
0.347396 	 0.614180 	 505.000000
0.339249 	 0.651473 	 147.000000
0.343614 	 0.688306 	 450.000000
0.359907 	 0.672192 	 314.000000
0.360489 	 0.618785 	 136.000000
0.366017 	 0.678177 	 709.000000
0.384347 	 0.673573 	 103.000000
0.357870 	 0.595764 	 1990.000000
0.358161 	 0.616022 	 145.000000
0.360489 	 0.623849 	 1303.000000
0.377364 	 0.598987 	 2749.000000
0.381437 	 0.603591 	 2638.000000
0.371254 	 0.618324 	 15004.000000
0.377946 	 0.623389 	 1619.000000
0.370672 	 0.610497 	 2987.000000
0.361362 	 0.634899 	 4586.000000
0.360489 	 0.632597 	 2121.000000
0.354088 	 0.627993 	 427.000000
0.352051 	 0.627993 	 278.000000
0.348269 	 0.633978 	 1437.000000
0.345941 	 0.639503 	 389.000000
0.338376 	 0.633978 	 293.000000
0.341868 	 0.646409 	 303.000000
0.338086 	 0.642265 	 201.000000
0.331394 	 0.637661 	 692.000000
0.326738 	 0.635820 	 180.000000
0.320919 	 0.633517 	 477.000000
0.355543 	 0.639042 	 979.000000
0.300262 	 0.628453 	 9621.000000
0.290951 	 0.640884 	 609.000000
0.288333 	 0.635359 	 385.000000
0.286587 	 0.632597 	 255.000000
0.286587 	 0.627072 	 369.000000
0.312191 	 0.624309 	 2390.000000
0.297934 	 0.643186 	 2084.000000
0.298516 	 0.650552 	 2307.000000
0.297061 	 0.651934 	 1774.000000
0.295316 	 0.654696 	 4237.000000
0.289206 	 0.650552 	 2592.000000
0.287169 	 0.646869 	 1011.000000
0.287169 	 0.661142 	 52736.000000
0.384056 	 0.594383 	 3759.000000
0.303171 	 0.641805 	 1775.000000
0.307827 	 0.645028 	 601.000000
0.312773 	 0.645948 	 746.000000
0.308408 	 0.651934 	 1269.000000
0.322083 	 0.657919 	 753.000000
0.302299 	 0.659761 	 349.000000
0.315682 	 0.662063 	 3033.000000
0.322083 	 0.668508 	 855.000000
0.327320 	 0.676335 	 1282.000000
0.333721 	 0.680479 	 1159.000000
0.300553 	 0.662063 	 2457.000000
0.304335 	 0.667587 	 1534.000000
0.309572 	 0.672652 	 1061.000000
0.314228 	 0.685083 	 4453.000000
0.307536 	 0.680479 	 3325.000000
0.307827 	 0.687845 	 181.000000
0.299098 	 0.686924 	 409.000000
0.296189 	 0.687385 	 323.000000
0.288042 	 0.690608 	 1347.000000
0.351760 	 0.657459 	 2526.000000
0.355834 	 0.656077 	 3285.000000
0.355834 	 0.668508 	 839.000000
0.363689 	 0.671271 	 1488.000000
0.366017 	 0.658379 	 1869.000000
0.367181 	 0.651013 	 229.000000
0.348851 	 0.646409 	 361.000000
0.374745 	 0.644567 	 149.000000
0.379983 	 0.644567 	 1902.000000
0.386383 	 0.668508 	 116.000000
0.378528 	 0.670350 	 1285.000000
0.375327 	 0.653775 	 526.000000
0.372127 	 0.664365 	 244.000000
0.375909 	 0.665746 	 154.000000
0.368344 	 0.664825 	 194.000000
0.385802 	 0.682320 	 877.000000
0.383183 	 0.683702 	 1238.000000
0.380273 	 0.693831 	 650.000000
0.379110 	 0.701197 	 397.000000
0.387256 	 0.698435 	 343.000000
0.383474 	 0.695212 	 338.000000
0.385511 	 0.692910 	 256.000000
0.363980 	 0.637661 	 1393.000000
0.318883 	 0.648250 	 754.000000
0.327902 	 0.643646 	 89.000000
0.329357 	 0.652394 	 295.000000
0.334303 	 0.648711 	 94.000000
0.335467 	 0.655157 	 136.000000
0.331685 	 0.656538 	 65.000000
0.328775 	 0.660681 	 158.000000
0.333721 	 0.665285 	 187.000000
0.335467 	 0.662983 	 196.000000
0.338086 	 0.660221 	 259.000000
0.345941 	 0.662063 	 347.000000
0.341868 	 0.663444 	 150.000000
0.338667 	 0.666206 	 162.000000
0.346523 	 0.668048 	 210.000000
0.345941 	 0.674033 	 638.000000
0.348269 	 0.677256 	 1326.000000
0.351178 	 0.679558 	 525.000000
0.341868 	 0.686924 	 430.000000
0.323538 	 0.649171 	 242.000000
0.344196 	 0.658379 	 256.000000
0.355834 	 0.683702 	 7267.000000
0.358161 	 0.678177 	 4523.000000
0.360489 	 0.674954 	 1006.000000
0.364562 	 0.680018 	 1038.000000
0.366017 	 0.681400 	 609.000000
0.370963 	 0.683241 	 732.000000
0.373000 	 0.685543 	 77.000000
0.373000 	 0.676335 	 125.000000
0.373291 	 0.671271 	 181.000000
0.375618 	 0.672192 	 222.000000
0.375618 	 0.686924 	 679.000000
0.378528 	 0.683241 	 843.000000
0.351469 	 0.694751 	 8603.000000
0.351760 	 0.698895 	 15480.000000
0.343614 	 0.701657 	 4929.000000
0.362235 	 0.701197 	 3012.000000
0.361071 	 0.693370 	 4996.000000
0.368344 	 0.691068 	 2172.000000
0.370090 	 0.700737 	 1931.000000
0.381437 	 0.680018 	 74.000000
0.320047 	 0.689227 	 15458.000000
0.326447 	 0.695212 	 4008.000000
0.333721 	 0.694751 	 2712.000000
0.379110 	 0.690147 	 349.000000
0.367181 	 0.646409 	 108.000000
0.395694 	 0.599448 	 1040.000000
0.397149 	 0.605433 	 5228.000000
0.420425 	 0.631215 	 1468.000000
0.394530 	 0.624309 	 1188.000000
0.444574 	 0.673573 	 292.000000
0.398312 	 0.645948 	 293.000000
0.404422 	 0.648250 	 588.000000
0.407623 	 0.637201 	 1053.000000
0.420716 	 0.649171 	 4645.000000
0.425371 	 0.665746 	 745.000000
0.417224 	 0.660221 	 461.000000
0.412278 	 0.660681 	 1338.000000
0.409660 	 0.650552 	 473.000000
0.403259 	 0.661142 	 868.000000
0.394530 	 0.667587 	 724.000000
0.401513 	 0.667587 	 454.000000
0.407041 	 0.666206 	 483.000000
0.409078 	 0.675875 	 1838.000000
0.418970 	 0.675875 	 218.000000
0.420716 	 0.684162 	 1499.000000
0.403841 	 0.680479 	 535.000000
0.399476 	 0.686004 	 683.000000
0.393366 	 0.680018 	 893.000000
0.389875 	 0.679558 	 434.000000
0.390166 	 0.675414 	 233.000000
0.388420 	 0.687385 	 5165.000000
0.398894 	 0.695672 	 2985.000000
0.406750 	 0.699816 	 13974.000000
0.406750 	 0.687845 	 2205.000000
0.418970 	 0.697514 	 168.000000
0.407332 	 0.685543 	 107.000000
0.414897 	 0.634899 	 1225.000000
0.391621 	 0.699355 	 253.000000
0.428280 	 0.699355 	 537.000000
0.427990 	 0.684622 	 683.000000
0.428280 	 0.679098 	 776.000000
0.433227 	 0.670810 	 604.000000
0.436427 	 0.661142 	 1785.000000
0.430899 	 0.651013 	 766.000000
0.435263 	 0.621547 	 1428.000000
0.444283 	 0.634899 	 1684.000000
0.451848 	 0.653775 	 2853.000000
0.447483 	 0.663904 	 957.000000
0.457376 	 0.668048 	 1494.000000
0.454175 	 0.668048 	 396.000000
0.450975 	 0.679098 	 2542.000000
0.438464 	 0.685083 	 392.000000
0.447483 	 0.690608 	 1954.000000
0.446029 	 0.695212 	 1071.000000
0.441082 	 0.702578 	 607.000000
0.450975 	 0.700276 	 2939.000000
0.457376 	 0.699355 	 574.000000
0.460576 	 0.694751 	 323.000000
0.454757 	 0.686464 	 812.000000
0.458248 	 0.686464 	 1567.000000
0.469305 	 0.693831 	 1457.000000
0.474251 	 0.701197 	 1611.000000
0.483852 	 0.680479 	 1644.000000
0.477160 	 0.693831 	 1709.000000
0.478033 	 0.679558 	 7874.000000
0.467850 	 0.677716 	 627.000000
0.463486 	 0.674954 	 322.000000
0.464068 	 0.660221 	 2328.000000
0.478906 	 0.669890 	 2173.000000
0.483852 	 0.661142 	 2042.000000
0.474542 	 0.650092 	 2359.000000
0.462322 	 0.634438 	 2504.000000
0.481525 	 0.634438 	 5404.000000
0.469887 	 0.621547 	 3761.000000
0.476287 	 0.620626 	 1804.000000
0.466104 	 0.601289 	 520.000000
0.459703 	 0.597145 	 687.000000
0.415479 	 0.692449 	 424.000000
0.543206 	 0.660681 	 200.000000
0.492581 	 0.700276 	 1743.000000
0.495781 	 0.697974 	 2080.000000
0.499564 	 0.682781 	 966.000000
0.504219 	 0.669429 	 1512.000000
0.496072 	 0.661142 	 3086.000000
0.510911 	 0.659300 	 1454.000000
0.507419 	 0.679098 	 1088.000000
0.509165 	 0.691068 	 158.000000
0.511784 	 0.702578 	 544.000000
0.519057 	 0.698895 	 167.000000
0.504219 	 0.693370 	 216.000000
0.517312 	 0.677716 	 6831.000000
0.523422 	 0.670810 	 1835.000000
0.524294 	 0.660681 	 2457.000000
0.530986 	 0.655157 	 1491.000000
0.498691 	 0.643186 	 4419.000000
0.492290 	 0.600829 	 1333.000000
0.494617 	 0.610958 	 5284.000000
0.515566 	 0.609576 	 22527.000000
0.522840 	 0.602210 	 11627.000000
0.520221 	 0.618785 	 60035.000000
0.535351 	 0.617864 	 5481.000000
0.534187 	 0.629374 	 4232.000000
0.513820 	 0.640424 	 5286.000000
0.510911 	 0.618324 	 15747.000000
0.520512 	 0.632597 	 24798.000000
0.550189 	 0.609576 	 3010.000000
0.560954 	 0.598527 	 975.000000
0.548734 	 0.621547 	 541.000000
0.490544 	 0.668969 	 943.000000
0.523422 	 0.684162 	 2042.000000
0.542624 	 0.639503 	 1606.000000
0.551353 	 0.656998 	 971.000000
0.529241 	 0.634899 	 10861.000000
0.535642 	 0.642265 	 1005.000000
0.530695 	 0.641805 	 3992.000000
0.541461 	 0.656538 	 611.000000
0.539715 	 0.651013 	 2944.000000
0.549898 	 0.635359 	 9337.000000
0.569101 	 0.625691 	 8312.000000
0.589468 	 0.619245 	 2360.000000
0.582194 	 0.611418 	 688.000000
0.582776 	 0.620626 	 676.000000
0.590340 	 0.595304 	 6980.000000
0.567064 	 0.644107 	 2666.000000
0.581030 	 0.664365 	 6133.000000
0.589177 	 0.662983 	 3978.000000
0.556299 	 0.661602 	 5543.000000
0.547571 	 0.680939 	 5567.000000
0.540588 	 0.690608 	 2845.000000
0.531859 	 0.681860 	 366.000000
0.540006 	 0.668969 	 783.000000
0.554844 	 0.686004 	 10947.000000
0.567064 	 0.677716 	 21694.000000
0.569683 	 0.693370 	 16096.000000
0.580448 	 0.698435 	 1523.000000
0.583649 	 0.685083 	 4037.000000
0.540588 	 0.677716 	 699.000000
0.533896 	 0.701197 	 1019.000000
0.560372 	 0.694291 	 7271.000000
0.592377 	 0.636280 	 1173.000000
0.600233 	 0.684162 	 720.000000
0.608961 	 0.700737 	 9987.000000
0.595578 	 0.692910 	 1703.000000
0.612162 	 0.694751 	 4842.000000
0.618563 	 0.690147 	 3225.000000
0.619727 	 0.700276 	 11310.000000
0.635438 	 0.692449 	 3732.000000
0.641257 	 0.693370 	 5875.000000
0.646203 	 0.688766 	 3657.000000
0.602851 	 0.647790 	 1625.000000
0.631365 	 0.628453 	 1734.000000
0.627582 	 0.616022 	 608.000000
0.619145 	 0.659300 	 10619.000000
0.611580 	 0.630295 	 339.000000
0.598778 	 0.604052 	 12737.000000
0.650858 	 0.693831 	 3257.000000
0.652604 	 0.657459 	 914.000000
0.656968 	 0.649171 	 148.000000
0.661042 	 0.699816 	 2131.000000
0.658132 	 0.684622 	 6255.000000
0.668606 	 0.683241 	 2099.000000
0.675007 	 0.697974 	 2044.000000
0.684318 	 0.679098 	 2905.000000
0.680826 	 0.674494 	 1851.000000
0.686063 	 0.661142 	 3385.000000
0.687518 	 0.656538 	 1776.000000
0.688391 	 0.647790 	 3809.000000
0.691010 	 0.645028 	 3027.000000
0.686645 	 0.629374 	 2809.000000
0.686063 	 0.622468 	 661.000000
0.689846 	 0.617864 	 5592.000000
0.692464 	 0.614641 	 2852.000000
0.692464 	 0.602210 	 1063.000000
0.689846 	 0.599908 	 377.000000
0.691592 	 0.594383 	 2625.000000
0.678790 	 0.703039 	 3294.000000
0.782368 	 0.651013 	 4027.000000
0.723887 	 0.700276 	 429.000000
0.705266 	 0.673573 	 1213.000000
0.694792 	 0.664825 	 1219.000000
0.702648 	 0.658840 	 466.000000
0.707594 	 0.657459 	 378.000000
0.712540 	 0.657459 	 469.000000
0.727669 	 0.653315 	 2572.000000
0.750073 	 0.645948 	 4566.000000
0.743963 	 0.662523 	 4015.000000
0.772185 	 0.624309 	 4500.000000
0.774804 	 0.612339 	 3770.000000
0.767530 	 0.623389 	 6573.000000
0.786151 	 0.602210 	 4447.000000
0.786151 	 0.594843 	 1853.000000
0.792552 	 0.604972 	 2009.000000
0.788478 	 0.614180 	 467.000000
0.781786 	 0.662523 	 3488.000000
0.777713 	 0.684622 	 9852.000000
0.771894 	 0.693370 	 5583.000000
0.751237 	 0.703039 	 1076.000000
0.736980 	 0.697514 	 1385.000000
0.694210 	 0.597606 	 259.000000
0.798080 	 0.601289 	 644.000000
0.816701 	 0.596225 	 1015.000000
0.822811 	 0.594383 	 355.000000
0.175153 	 0.487569 	 1612.000000
0.182717 	 0.488490 	 39.000000
0.153331 	 0.494015 	 2272.000000
0.155950 	 0.505064 	 511.000000
0.159441 	 0.508287 	 333.000000
0.162642 	 0.508748 	 304.000000
0.166715 	 0.512891 	 269.000000
0.169916 	 0.515654 	 629.000000
0.178062 	 0.529006 	 184.000000
0.176898 	 0.584254 	 248.000000
0.176608 	 0.569521 	 140.000000
0.181845 	 0.537753 	 2224.000000
0.183590 	 0.541897 	 1630.000000
0.176026 	 0.538674 	 161.000000
0.175735 	 0.534530 	 163.000000
0.171661 	 0.531768 	 126.000000
0.144894 	 0.509208 	 130.000000
0.140530 	 0.493554 	 189.000000
0.139366 	 0.486188 	 111.000000
0.139657 	 0.482965 	 40.000000
0.132383 	 0.494015 	 283.000000
0.138202 	 0.501842 	 121.000000
0.133256 	 0.505525 	 466.000000
0.126564 	 0.484346 	 858.000000
0.121327 	 0.502302 	 4245.000000
0.119290 	 0.525322 	 488.000000
0.133256 	 0.535451 	 585.000000
0.139657 	 0.542357 	 3513.000000
0.134129 	 0.546041 	 505.000000
0.118126 	 0.544199 	 652.000000
0.141984 	 0.549263 	 351.000000
0.125109 	 0.549724 	 333.000000
0.145767 	 0.546501 	 756.000000
0.151004 	 0.554328 	 2763.000000
0.160605 	 0.561234 	 1180.000000
0.171079 	 0.568600 	 468.000000
0.145476 	 0.581952 	 611.000000
0.173698 	 0.591160 	 1134.000000
0.151295 	 0.514273 	 32.000000
0.148385 	 0.514733 	 331.000000
0.146930 	 0.517956 	 62.000000
0.147512 	 0.507366 	 98.000000
0.148385 	 0.502762 	 284.000000
0.146930 	 0.494475 	 333.000000
0.145185 	 0.489411 	 490.000000
0.146058 	 0.485267 	 563.000000
0.141984 	 0.503683 	 86.000000
0.155368 	 0.516575 	 72.000000
0.171370 	 0.534991 	 312.000000
0.189118 	 0.483886 	 375.000000
0.192610 	 0.485727 	 42.000000
0.198429 	 0.488950 	 399.000000
0.212976 	 0.486648 	 454.000000
0.208321 	 0.496777 	 817.000000
0.203375 	 0.491713 	 219.000000
0.202502 	 0.497238 	 445.000000
0.197265 	 0.494475 	 92.000000
0.193774 	 0.498158 	 88.000000
0.201920 	 0.502762 	 134.000000
0.207448 	 0.506446 	 237.000000
0.211522 	 0.511050 	 133.000000
0.206866 	 0.516114 	 185.000000
0.198429 	 0.514273 	 4023.000000
0.197556 	 0.505985 	 281.000000
0.194065 	 0.505985 	 223.000000
0.192319 	 0.507827 	 210.000000
0.189409 	 0.502302 	 414.000000
0.205121 	 0.522560 	 137.000000
0.207448 	 0.528085 	 280.000000
0.217341 	 0.499079 	 7126.000000
0.223742 	 0.504604 	 1364.000000
0.216177 	 0.525783 	 701.000000
0.210940 	 0.535451 	 294.000000
0.226069 	 0.530387 	 268.000000
0.280768 	 0.544659 	 443.000000
0.285714 	 0.540976 	 2494.000000
0.185045 	 0.497238 	 551.000000
0.194356 	 0.495856 	 129.000000
0.279895 	 0.572284 	 233.000000
0.279022 	 0.564917 	 1080.000000
0.285423 	 0.575506 	 281.000000
0.204539 	 0.508748 	 144.000000
0.213849 	 0.518877 	 208.000000
0.281932 	 0.554328 	 101.000000
0.254582 	 0.549724 	 374.000000
0.258074 	 0.527624 	 316.000000
0.250218 	 0.492634 	 80.000000
0.237998 	 0.490331 	 447.000000
0.228979 	 0.491713 	 767.000000
0.241199 	 0.496317 	 427.000000
0.231597 	 0.497238 	 417.000000
0.247891 	 0.505525 	 1169.000000
0.235962 	 0.503683 	 331.000000
0.232470 	 0.510129 	 155.000000
0.242072 	 0.508287 	 98.000000
0.245563 	 0.511510 	 84.000000
0.246727 	 0.515193 	 380.000000
0.230143 	 0.515193 	 524.000000
0.235089 	 0.523020 	 1914.000000
0.227233 	 0.534991 	 975.000000
0.221414 	 0.531308 	 238.000000
0.218214 	 0.537293 	 279.000000
0.226360 	 0.543738 	 55.000000
0.225196 	 0.546961 	 389.000000
0.222578 	 0.549263 	 192.000000
0.247891 	 0.518416 	 250.000000
0.251091 	 0.521639 	 152.000000
0.248182 	 0.531308 	 405.000000
0.267384 	 0.517956 	 521.000000
0.265057 	 0.489871 	 34322.000000
0.258365 	 0.486648 	 7984.000000
0.255455 	 0.493094 	 1419.000000
0.261274 	 0.494936 	 1681.000000
0.279895 	 0.495396 	 2359.000000
0.255746 	 0.499540 	 2099.000000
0.256328 	 0.505525 	 259.000000
0.263020 	 0.505525 	 84.000000
0.280768 	 0.483886 	 1050.000000
0.257492 	 0.508287 	 187.000000
0.263311 	 0.500921 	 1711.000000
0.254582 	 0.517495 	 255.000000
0.259238 	 0.523481 	 1293.000000
0.261274 	 0.525322 	 904.000000
0.265639 	 0.526243 	 470.000000
0.274367 	 0.511510 	 6291.000000
0.273785 	 0.531768 	 94.000000
0.256910 	 0.534991 	 212.000000
0.263311 	 0.539134 	 505.000000
0.277277 	 0.538674 	 333.000000
0.282805 	 0.535451 	 2476.000000
0.275240 	 0.543738 	 527.000000
0.268839 	 0.540976 	 272.000000
0.265639 	 0.545120 	 316.000000
0.257201 	 0.542818 	 764.000000
0.260692 	 0.556169 	 707.000000
0.266221 	 0.556630 	 116.000000
0.267966 	 0.565838 	 438.000000
0.270585 	 0.554328 	 170.000000
0.276986 	 0.556169 	 273.000000
0.276113 	 0.560313 	 234.000000
0.272621 	 0.561694 	 115.000000
0.276113 	 0.567219 	 105.000000
0.273494 	 0.567219 	 605.000000
0.275822 	 0.578269 	 3197.000000
0.278441 	 0.589779 	 338.000000
0.260111 	 0.546501 	 367.000000
0.252255 	 0.539595 	 58.000000
0.240617 	 0.516114 	 224.000000
0.244981 	 0.527624 	 117.000000
0.241490 	 0.528545 	 2456.000000
0.249636 	 0.544199 	 498.000000
0.229852 	 0.541897 	 273.000000
0.234507 	 0.549724 	 232.000000
0.237416 	 0.552486 	 481.000000
0.234798 	 0.553407 	 138.000000
0.228106 	 0.553867 	 163.000000
0.231597 	 0.560773 	 37.000000
0.236543 	 0.568600 	 675.000000
0.264766 	 0.588398 	 1025.000000
0.217050 	 0.587017 	 33060.000000
0.208030 	 0.585175 	 5001.000000
0.203084 	 0.583794 	 3324.000000
0.205703 	 0.579190 	 1426.000000
0.198720 	 0.587937 	 420.000000
0.191446 	 0.556169 	 3314.000000
0.198429 	 0.562615 	 4032.000000
0.195519 	 0.565838 	 5181.000000
0.202502 	 0.571363 	 4591.000000
0.197265 	 0.575046 	 1661.000000
0.190282 	 0.580571 	 850.000000
0.225196 	 0.485727 	 403.000000
0.289788 	 0.485727 	 1652.000000
0.374454 	 0.507366 	 298.000000
0.381146 	 0.487109 	 701.000000
0.374164 	 0.494936 	 277.000000
0.368344 	 0.496777 	 484.000000
0.366599 	 0.484346 	 4931.000000
0.359325 	 0.485727 	 1379.000000
0.365144 	 0.499079 	 535.000000
0.362525 	 0.498158 	 703.000000
0.358743 	 0.496777 	 176.000000
0.360198 	 0.510129 	 2089.000000
0.359907 	 0.514273 	 1120.000000
0.366599 	 0.517495 	 237.000000
0.370090 	 0.508748 	 2422.000000
0.382601 	 0.512891 	 1242.000000
0.371545 	 0.523020 	 358.000000
0.373873 	 0.528085 	 481.000000
0.377946 	 0.529926 	 316.000000
0.386383 	 0.535912 	 1292.000000
0.352342 	 0.492173 	 215.000000
0.353506 	 0.499079 	 753.000000
0.351760 	 0.503223 	 204.000000
0.352924 	 0.508287 	 858.000000
0.345359 	 0.491713 	 182.000000
0.346523 	 0.495856 	 1076.000000
0.343614 	 0.500460 	 330.000000
0.338376 	 0.493554 	 2311.000000
0.329648 	 0.499079 	 1865.000000
0.321501 	 0.485727 	 1475.000000
0.308699 	 0.503223 	 5583.000000
0.302880 	 0.514733 	 431.000000
0.321501 	 0.526243 	 850.000000
0.335467 	 0.519797 	 507.000000
0.334594 	 0.540055 	 432.000000
0.336631 	 0.544659 	 3834.000000
0.340704 	 0.580110 	 11027.000000
0.367181 	 0.503223 	 519.000000
0.375618 	 0.537753 	 514.000000
0.343032 	 0.507827 	 678.000000
0.343614 	 0.535451 	 7977.000000
0.340995 	 0.519337 	 1938.000000
0.336922 	 0.530387 	 939.000000
0.347978 	 0.523481 	 380.000000
0.346814 	 0.509669 	 301.000000
0.356997 	 0.526243 	 10081.000000
0.361944 	 0.527164 	 332.000000
0.369799 	 0.529006 	 4607.000000
0.352633 	 0.539595 	 3007.000000
0.378819 	 0.540516 	 1445.000000
0.299098 	 0.501381 	 929.000000
0.301135 	 0.521639 	 1863.000000
0.294152 	 0.526703 	 4162.000000
0.287169 	 0.517035 	 2714.000000
0.290079 	 0.499540 	 1709.000000
0.381728 	 0.547882 	 838.000000
0.373582 	 0.542818 	 2887.000000
0.367181 	 0.544199 	 609.000000
0.372127 	 0.552026 	 1638.000000
0.379692 	 0.557551 	 923.000000
0.369799 	 0.563996 	 1751.000000
0.382892 	 0.569061 	 670.000000
0.357579 	 0.554788 	 11160.000000
0.290370 	 0.567219 	 2784.000000
0.307245 	 0.567219 	 1086.000000
0.299680 	 0.536832 	 4182.000000
0.356706 	 0.563076 	 4218.000000
0.348560 	 0.569521 	 2827.000000
0.286296 	 0.583794 	 299.000000
0.324702 	 0.552947 	 35925.000000
0.329939 	 0.563996 	 135543.000000
0.340413 	 0.555709 	 12859.000000
0.336631 	 0.567219 	 16545.000000
0.342741 	 0.578269 	 6250.000000
0.330230 	 0.579190 	 3680.000000
0.323247 	 0.589779 	 2582.000000
0.334303 	 0.589779 	 8868.000000
0.342741 	 0.504144 	 381.000000
0.457376 	 0.532689 	 1552.000000
0.468141 	 0.587937 	 3129.000000
0.464940 	 0.581492 	 1580.000000
0.457958 	 0.567680 	 3542.000000
0.439337 	 0.547422 	 3005.000000
0.432063 	 0.516575 	 1192.000000
0.423334 	 0.503223 	 941.000000
0.393075 	 0.497698 	 311.000000
0.397440 	 0.492634 	 532.000000
0.388711 	 0.487109 	 967.000000
0.396858 	 0.516575 	 1238.000000
0.408787 	 0.527164 	 2472.000000
0.393366 	 0.550645 	 2618.000000
0.426826 	 0.562155 	 1574.000000
0.419552 	 0.552026 	 1595.000000
0.392493 	 0.582873 	 2066.000000
0.396858 	 0.574586 	 2714.000000
0.406168 	 0.561694 	 9409.000000
0.528368 	 0.570442 	 1781.000000
0.541170 	 0.558932 	 1416.000000
0.493745 	 0.506446 	 2988.000000
0.506837 	 0.525322 	 3791.000000
0.515275 	 0.542357 	 4674.000000
0.508292 	 0.538674 	 8403.000000
0.544079 	 0.501381 	 3523.000000
0.541752 	 0.546041 	 1680.000000
0.514693 	 0.560313 	 4100.000000
0.522549 	 0.584254 	 4451.000000
0.529241 	 0.581031 	 3734.000000
0.544079 	 0.584254 	 2581.000000
0.545534 	 0.585175 	 3371.000000
0.546989 	 0.579650 	 4255.000000
0.534769 	 0.570442 	 6261.000000
0.590049 	 0.533149 	 1558.000000
0.591504 	 0.568140 	 322.000000
0.590631 	 0.585175 	 731.000000
0.570847 	 0.588858 	 1797.000000
0.583939 	 0.578729 	 591.000000
0.568519 	 0.570902 	 1009.000000
0.559209 	 0.576427 	 2363.000000
0.578702 	 0.547882 	 520.000000
0.582194 	 0.561234 	 185.000000
0.602851 	 0.488950 	 2064.000000
0.599360 	 0.500460 	 3996.000000
0.593541 	 0.523481 	 1344.000000
0.599651 	 0.524862 	 4839.000000
0.601106 	 0.529926 	 3517.000000
0.596741 	 0.533610 	 8203.000000
0.592668 	 0.544659 	 1691.000000
0.614198 	 0.587477 	 615.000000
0.625836 	 0.581492 	 3024.000000
0.615944 	 0.528545 	 944.000000
0.624964 	 0.524401 	 691.000000
0.687809 	 0.590239 	 255.000000
0.687809 	 0.586556 	 564.000000
0.685191 	 0.584254 	 143.000000
0.683736 	 0.579650 	 621.000000
0.683736 	 0.576888 	 365.000000
0.682863 	 0.572744 	 253.000000
0.681699 	 0.569061 	 140.000000
0.679081 	 0.563996 	 480.000000
0.676171 	 0.557551 	 412.000000
0.675007 	 0.554788 	 1315.000000
0.601397 	 0.567219 	 79.000000
0.794006 	 0.524401 	 30975.000000
0.715159 	 0.482965 	 101.000000
0.702648 	 0.482965 	 343.000000
0.708758 	 0.589779 	 660.000000
0.713704 	 0.556169 	 809.000000
0.794006 	 0.563536 	 1820.000000
0.792843 	 0.538214 	 703.000000
0.780623 	 0.520718 	 1757.000000
0.776258 	 0.515193 	 6452.000000
0.766366 	 0.512431 	 1137.000000
0.765202 	 0.503683 	 1859.000000
0.764911 	 0.496317 	 1095.000000
0.772476 	 0.494475 	 129.000000
0.776549 	 0.486188 	 125.000000
0.794588 	 0.505064 	 555.000000
0.757056 	 0.511510 	 942.000000
0.751237 	 0.492634 	 284.000000
0.739017 	 0.514273 	 2546.000000
0.733489 	 0.499079 	 1184.000000
0.739308 	 0.489871 	 316.000000
0.733779 	 0.492173 	 647.000000
0.727379 	 0.496317 	 453.000000
0.726797 	 0.489871 	 434.000000
0.727960 	 0.483886 	 314.000000
0.719232 	 0.487569 	 349.000000
0.721559 	 0.490792 	 117.000000
0.712831 	 0.490331 	 168.000000
0.709921 	 0.484346 	 399.000000
0.701775 	 0.487109 	 239.000000
0.702357 	 0.499540 	 69.000000
0.799825 	 0.591160 	 1484.000000
0.852488 	 0.553867 	 189.000000
0.869945 	 0.544199 	 3925.000000
0.858598 	 0.498158 	 11615.000000
0.827757 	 0.490792 	 2846.000000
0.834449 	 0.510589 	 307.000000
0.826011 	 0.517495 	 178.000000
0.821647 	 0.512891 	 131.000000
0.820483 	 0.516575 	 152.000000
0.817573 	 0.518416 	 82.000000
0.812045 	 0.515654 	 84.000000
0.810882 	 0.507827 	 197.000000
0.810591 	 0.519337 	 132.000000
0.808554 	 0.520258 	 50.000000
0.797498 	 0.488950 	 1275.000000
0.800407 	 0.517035 	 498.000000
0.800989 	 0.547422 	 2259.000000
0.800989 	 0.568140 	 2797.000000
0.802735 	 0.573204 	 6761.000000
0.826011 	 0.569982 	 203.000000
0.809136 	 0.575967 	 172.000000
0.796625 	 0.584715 	 566.000000
0.818446 	 0.592541 	 1032.000000
0.827757 	 0.586556 	 2340.000000
0.833576 	 0.566298 	 1169.000000
0.840268 	 0.558932 	 556.000000
0.848123 	 0.559392 	 778.000000
0.854524 	 0.558011 	 650.000000
0.855688 	 0.587937 	 212.000000
0.844632 	 0.563536 	 1079.000000
0.972651 	 0.516114 	 802.000000
0.965959 	 0.505985 	 2070.000000
0.961303 	 0.500000 	 381.000000
0.953157 	 0.503223 	 471.000000
0.942974 	 0.493094 	 411.000000
0.932790 	 0.492634 	 178.000000
0.923189 	 0.488029 	 192.000000
0.986325 	 0.590239 	 787.000000
0.992144 	 0.545580 	 462.000000
0.982834 	 0.525322 	 461.000000
0.071865 	 0.413444 	 745.000000
0.080303 	 0.413904 	 1094.000000
0.089904 	 0.377072 	 212.000000
0.160314 	 0.482044 	 543.000000
0.103288 	 0.390884 	 43.000000
0.103870 	 0.377993 	 654.000000
0.106197 	 0.375691 	 144.000000
0.100960 	 0.397790 	 783.000000
0.106779 	 0.400552 	 369.000000
0.100087 	 0.412063 	 315.000000
0.126855 	 0.406077 	 89.000000
0.139948 	 0.421271 	 26.000000
0.093977 	 0.445672 	 3174.000000
0.101833 	 0.454880 	 872.000000
0.111143 	 0.459945 	 282.000000
0.112598 	 0.455801 	 146.000000
0.120454 	 0.463628 	 79.000000
0.119581 	 0.465930 	 184.000000
0.126273 	 0.466390 	 400.000000
0.127728 	 0.470074 	 410.000000
0.135583 	 0.473297 	 392.000000
0.138202 	 0.471915 	 172.000000
0.136747 	 0.481123 	 311.000000
0.122491 	 0.456262 	 345.000000
0.127728 	 0.449816 	 4484.000000
0.123363 	 0.448895 	 213.000000
0.120745 	 0.441529 	 161.000000
0.115508 	 0.445672 	 172.000000
0.115508 	 0.436004 	 276.000000
0.112307 	 0.436004 	 400.000000
0.108525 	 0.441529 	 180.000000
0.109107 	 0.435083 	 216.000000
0.096305 	 0.434162 	 418.000000
0.104161 	 0.422652 	 131.000000
0.109980 	 0.412983 	 206.000000
0.115217 	 0.409761 	 184.000000
0.114053 	 0.396409 	 275.000000
0.109107 	 0.392726 	 102.000000
0.112016 	 0.383978 	 290.000000
0.109980 	 0.373849 	 249.000000
0.115799 	 0.373849 	 386.000000
0.122200 	 0.379374 	 460.000000
0.117544 	 0.388122 	 264.000000
0.121909 	 0.395028 	 1955.000000
0.119290 	 0.405157 	 128.000000
0.128891 	 0.376151 	 999.000000
0.131510 	 0.376151 	 394.000000
0.134711 	 0.383978 	 704.000000
0.143730 	 0.379834 	 2856.000000
0.138493 	 0.389042 	 317.000000
0.134420 	 0.389503 	 218.000000
0.141984 	 0.398250 	 210.000000
0.137620 	 0.401934 	 215.000000
0.128891 	 0.387201 	 1264.000000
0.126564 	 0.395028 	 2140.000000
0.130928 	 0.398250 	 537.000000
0.126273 	 0.414825 	 795.000000
0.117253 	 0.417587 	 149.000000
0.123363 	 0.417587 	 1414.000000
0.122781 	 0.421731 	 739.000000
0.124818 	 0.436004 	 510.000000
0.135001 	 0.431860 	 474.000000
0.135874 	 0.440147 	 2091.000000
0.142566 	 0.450276 	 273.000000
0.138784 	 0.453039 	 118.000000
0.144894 	 0.460405 	 258.000000
0.148967 	 0.461326 	 195.000000
0.151295 	 0.463628 	 138.000000
0.155368 	 0.462247 	 185.000000
0.158278 	 0.469153 	 458.000000
0.162642 	 0.474217 	 162.000000
0.164678 	 0.479742 	 42.000000
0.152459 	 0.478821 	 22480.000000
0.144894 	 0.476519 	 210.000000
0.144312 	 0.478821 	 436.000000
0.151586 	 0.446133 	 599.000000
0.142857 	 0.440147 	 319.000000
0.143439 	 0.429558 	 255.000000
0.126273 	 0.422192 	 195.000000
0.137620 	 0.408840 	 404.000000
0.143148 	 0.406538 	 441.000000
0.150422 	 0.408379 	 3330.000000
0.147512 	 0.393646 	 571.000000
0.140820 	 0.413904 	 66.000000
0.143439 	 0.417587 	 482.000000
0.151586 	 0.397790 	 60.000000
0.145476 	 0.387201 	 722.000000
0.151295 	 0.416667 	 594.000000
0.156823 	 0.406077 	 506.000000
0.158569 	 0.415285 	 193.000000
0.155950 	 0.395948 	 778.000000
0.151586 	 0.386280 	 429.000000
0.148094 	 0.383057 	 858.000000
0.150713 	 0.378453 	 1723.000000
0.160023 	 0.387661 	 1281.000000
0.160896 	 0.401013 	 480.000000
0.163806 	 0.416667 	 61.000000
0.165260 	 0.412063 	 219.000000
0.165842 	 0.419429 	 120.000000
0.161478 	 0.425875 	 367.000000
0.153331 	 0.431400 	 525.000000
0.158278 	 0.456262 	 173.000000
0.164388 	 0.467772 	 299.000000
0.165551 	 0.459024 	 89.000000
0.161478 	 0.450276 	 204.000000
0.163224 	 0.445672 	 147.000000
0.159441 	 0.438766 	 350.000000
0.163515 	 0.435083 	 164.000000
0.167006 	 0.434162 	 735.000000
0.167588 	 0.451197 	 158.000000
0.169043 	 0.461786 	 313.000000
0.171370 	 0.463168 	 38.000000
0.176026 	 0.469153 	 184.000000
0.179808 	 0.482044 	 90.000000
0.182427 	 0.477440 	 215.000000
0.180681 	 0.474678 	 106.000000
0.177771 	 0.462247 	 118.000000
0.174280 	 0.455801 	 133.000000
0.179517 	 0.456722 	 158.000000
0.174280 	 0.452118 	 80.000000
0.173407 	 0.446133 	 106.000000
0.177480 	 0.439687 	 494.000000
0.169916 	 0.443831 	 203.000000
0.172825 	 0.432781 	 380.000000
0.169625 	 0.429098 	 179.000000
0.176898 	 0.418048 	 55.000000
0.171370 	 0.411142 	 153.000000
0.168170 	 0.411602 	 79.000000
0.174280 	 0.415285 	 210.000000
0.165551 	 0.400092 	 275.000000
0.171079 	 0.403315 	 243.000000
0.178353 	 0.407919 	 283.000000
0.181845 	 0.413444 	 49.000000
0.182427 	 0.410221 	 109.000000
0.181263 	 0.398250 	 411.000000
0.176317 	 0.393646 	 338.000000
0.174571 	 0.391344 	 406.000000
0.174280 	 0.378453 	 298.000000
0.180681 	 0.385359 	 927.000000
0.181845 	 0.390424 	 624.000000
0.176317 	 0.373389 	 506.000000
0.183590 	 0.374770 	 610.000000
0.183590 	 0.380755 	 227.000000
0.092232 	 0.388122 	 622.000000
0.125982 	 0.403315 	 137.000000
0.188537 	 0.372928 	 96.000000
0.195810 	 0.374309 	 173.000000
0.221996 	 0.430018 	 47.000000
0.185336 	 0.396409 	 350.000000
0.193483 	 0.380755 	 168.000000
0.199302 	 0.381215 	 115.000000
0.184754 	 0.437385 	 120.000000
0.184754 	 0.448895 	 118.000000
0.186209 	 0.453039 	 56.000000
0.273494 	 0.482044 	 156.000000
0.185045 	 0.469613 	 86.000000
0.273494 	 0.456262 	 133.000000
0.188246 	 0.377993 	 151.000000
0.189118 	 0.390884 	 217.000000
0.189700 	 0.410221 	 147.000000
0.189409 	 0.416206 	 189.000000
0.187373 	 0.422192 	 4345.000000
0.189700 	 0.441068 	 62.000000
0.187664 	 0.444291 	 117.000000
0.189700 	 0.463628 	 364.000000
0.187955 	 0.475599 	 101.000000
0.192319 	 0.387661 	 206.000000
0.191155 	 0.396869 	 398.000000
0.189991 	 0.431400 	 163.000000
0.193192 	 0.452578 	 122.000000
0.191737 	 0.470534 	 278.000000
0.193192 	 0.372468 	 1070.000000
0.194646 	 0.380755 	 150.000000
0.194937 	 0.404696 	 504.000000
0.193192 	 0.409761 	 255.000000
0.194937 	 0.425875 	 126.000000
0.196392 	 0.442910 	 2172.000000
0.195519 	 0.464088 	 231.000000
0.195228 	 0.480663 	 267.000000
0.195810 	 0.391805 	 81.000000
0.198429 	 0.397790 	 304.000000
0.198429 	 0.429098 	 61.000000
0.198720 	 0.437845 	 268.000000
0.196974 	 0.451657 	 52.000000
0.198429 	 0.455801 	 50.000000
0.199011 	 0.374770 	 119.000000
0.199011 	 0.406998 	 59.000000
0.199302 	 0.423573 	 135.000000
0.201338 	 0.461326 	 199.000000
0.200466 	 0.477901 	 146.000000
0.202502 	 0.374770 	 387.000000
0.202793 	 0.379834 	 110.000000
0.201920 	 0.386740 	 304.000000
0.203666 	 0.406538 	 212.000000
0.201629 	 0.434162 	 114.000000
0.203375 	 0.463628 	 227.000000
0.205412 	 0.392265 	 242.000000
0.205121 	 0.416206 	 863.000000
0.206285 	 0.429098 	 104.000000
0.205703 	 0.438306 	 120.000000
0.205994 	 0.442449 	 221.000000
0.205121 	 0.453039 	 218.000000
0.206285 	 0.459945 	 251.000000
0.205994 	 0.480663 	 254.000000
0.207448 	 0.378913 	 168.000000
0.209776 	 0.405617 	 44.000000
0.208612 	 0.411602 	 346.000000
0.209485 	 0.433241 	 412.000000
0.209485 	 0.447514 	 105.000000
0.209485 	 0.452578 	 60.000000
0.209776 	 0.467311 	 156.000000
0.212976 	 0.463168 	 155.000000
0.212976 	 0.433702 	 4048.000000
0.212395 	 0.417127 	 255.000000
0.212395 	 0.406077 	 160.000000
0.211813 	 0.397330 	 46.000000
0.211522 	 0.391344 	 356.000000
0.211522 	 0.377993 	 238.000000
0.215595 	 0.372928 	 938.000000
0.213558 	 0.383978 	 172.000000
0.215304 	 0.426796 	 558.000000
0.214722 	 0.456262 	 43.000000
0.215886 	 0.475599 	 269.000000
0.218505 	 0.465930 	 397.000000
0.217923 	 0.464088 	 115.000000
0.216177 	 0.415285 	 446.000000
0.218795 	 0.407459 	 33.000000
0.218214 	 0.401473 	 318.000000
0.219086 	 0.418969 	 284.000000
0.221705 	 0.423112 	 138.000000
0.221414 	 0.435083 	 176.000000
0.219959 	 0.446133 	 349.000000
0.220832 	 0.473297 	 301.000000
0.224614 	 0.474217 	 299.000000
0.224033 	 0.459024 	 411.000000
0.222287 	 0.448435 	 824.000000
0.223451 	 0.426796 	 155.000000
0.222578 	 0.411602 	 120.000000
0.226069 	 0.404236 	 515.000000
0.225196 	 0.412523 	 205.000000
0.226942 	 0.426335 	 328.000000
0.226360 	 0.438766 	 376.000000
0.230434 	 0.476059 	 226.000000
0.230143 	 0.451197 	 232.000000
0.229561 	 0.406077 	 198.000000
0.229270 	 0.396869 	 771.000000
0.232179 	 0.439227 	 228.000000
0.230724 	 0.446593 	 288.000000
0.232470 	 0.459024 	 373.000000
0.232761 	 0.468232 	 519.000000
0.235962 	 0.395028 	 1357.000000
0.234216 	 0.437385 	 182.000000
0.235671 	 0.440147 	 202.000000
0.235671 	 0.445212 	 167.000000
0.235962 	 0.482044 	 618.000000
0.236543 	 0.475138 	 147.000000
0.239453 	 0.464088 	 772.000000
0.236834 	 0.456722 	 485.000000
0.237998 	 0.450276 	 122.000000
0.239453 	 0.446133 	 214.000000
0.241199 	 0.476980 	 387.000000
0.242944 	 0.482044 	 73.000000
0.242944 	 0.451657 	 89.000000
0.243817 	 0.441529 	 504.000000
0.244981 	 0.421731 	 681.000000
0.244399 	 0.394567 	 8790.000000
0.243817 	 0.382597 	 727.000000
0.246145 	 0.390424 	 2776.000000
0.245563 	 0.406998 	 1351.000000
0.246145 	 0.414825 	 1039.000000
0.246436 	 0.448435 	 841.000000
0.244981 	 0.457182 	 76.000000
0.247018 	 0.473297 	 1029.000000
0.249054 	 0.482505 	 999.000000
0.250218 	 0.459484 	 90.000000
0.248473 	 0.452578 	 207.000000
0.250509 	 0.438766 	 247.000000
0.249054 	 0.425414 	 467.000000
0.248182 	 0.416206 	 226.000000
0.248182 	 0.410681 	 404.000000
0.249636 	 0.377532 	 1411.000000
0.253710 	 0.387201 	 1910.000000
0.250800 	 0.399171 	 430.000000
0.251964 	 0.430939 	 331.000000
0.251382 	 0.467311 	 615.000000
0.253419 	 0.468692 	 811.000000
0.253419 	 0.481584 	 1002.000000
0.255164 	 0.447974 	 847.000000
0.256619 	 0.436924 	 358.000000
0.256328 	 0.421731 	 349.000000
0.255455 	 0.416206 	 330.000000
0.255746 	 0.408840 	 205.000000
0.256037 	 0.400552 	 80.000000
0.259820 	 0.460866 	 537.000000
0.259238 	 0.392265 	 177.000000
0.262729 	 0.435543 	 1068.000000
0.262729 	 0.451197 	 1065.000000
0.262438 	 0.457643 	 103.000000
0.264475 	 0.465009 	 906.000000
0.268548 	 0.396409 	 1324.000000
0.267093 	 0.402855 	 330.000000
0.268257 	 0.456722 	 218.000000
0.270585 	 0.467772 	 62.000000
0.269130 	 0.461326 	 145.000000
0.271458 	 0.451197 	 261.000000
0.272331 	 0.455341 	 93.000000
0.271458 	 0.463628 	 898.000000
0.276113 	 0.473297 	 858.000000
0.276404 	 0.458103 	 433.000000
0.278731 	 0.468692 	 1311.000000
0.280768 	 0.458103 	 829.000000
0.285423 	 0.471915 	 920.000000
0.199884 	 0.474217 	 80.000000
0.195519 	 0.413444 	 31.000000
0.205994 	 0.469613 	 1162.000000
0.197265 	 0.407919 	 120.000000
0.198720 	 0.391805 	 135.000000
0.253419 	 0.459024 	 513.000000
0.256910 	 0.397330 	 231.000000
0.262729 	 0.395028 	 203.000000
0.368926 	 0.441989 	 240.000000
0.384347 	 0.475599 	 461.000000
0.382892 	 0.463168 	 821.000000
0.293570 	 0.391805 	 716.000000
0.295316 	 0.459024 	 1665.000000
0.288042 	 0.455341 	 902.000000
0.294152 	 0.467772 	 483.000000
0.319174 	 0.401013 	 1404.000000
0.329357 	 0.415285 	 896.000000
0.341577 	 0.416206 	 843.000000
0.353506 	 0.416667 	 1619.000000
0.357870 	 0.411142 	 2090.000000
0.374164 	 0.424494 	 2068.000000
0.305208 	 0.471915 	 1573.000000
0.332267 	 0.478821 	 418.000000
0.375909 	 0.380295 	 6061.000000
0.386674 	 0.399632 	 3237.000000
0.386965 	 0.416206 	 1806.000000
0.384056 	 0.430018 	 10905.000000
0.370090 	 0.434622 	 903.000000
0.359616 	 0.441989 	 287.000000
0.354961 	 0.446593 	 208.000000
0.356415 	 0.448435 	 425.000000
0.352051 	 0.449355 	 224.000000
0.348269 	 0.457182 	 1149.000000
0.355543 	 0.456722 	 590.000000
0.349433 	 0.466390 	 338.000000
0.345068 	 0.473297 	 2301.000000
0.343614 	 0.480663 	 957.000000
0.348269 	 0.470074 	 246.000000
0.350596 	 0.478361 	 715.000000
0.352342 	 0.482044 	 1919.000000
0.359034 	 0.475599 	 5296.000000
0.360198 	 0.465009 	 1878.000000
0.361653 	 0.451657 	 670.000000
0.381146 	 0.452118 	 2025.000000
0.378819 	 0.454880 	 3771.000000
0.379110 	 0.472836 	 231.000000
0.373000 	 0.477901 	 13021.000000
0.371836 	 0.469153 	 38124.000000
0.462322 	 0.399632 	 3984.000000
0.443410 	 0.406077 	 259.000000
0.435263 	 0.402855 	 293.000000
0.434100 	 0.383057 	 3221.000000
0.426244 	 0.415285 	 433.000000
0.425371 	 0.419890 	 1903.000000
0.424498 	 0.426796 	 3422.000000
0.425371 	 0.430018 	 5091.000000
0.430899 	 0.430939 	 2150.000000
0.446610 	 0.443831 	 448.000000
0.476869 	 0.465009 	 542.000000
0.471341 	 0.465930 	 562.000000
0.466977 	 0.468692 	 556.000000
0.459994 	 0.466851 	 2870.000000
0.446319 	 0.457182 	 465.000000
0.439337 	 0.447974 	 341.000000
0.430899 	 0.438306 	 2333.000000
0.420716 	 0.430479 	 4754.000000
0.412278 	 0.418508 	 348.000000
0.404132 	 0.414365 	 837.000000
0.393948 	 0.417587 	 818.000000
0.424207 	 0.451197 	 598.000000
0.409951 	 0.437845 	 1296.000000
0.391039 	 0.446593 	 4011.000000
0.390166 	 0.472376 	 197.000000
0.399185 	 0.478361 	 282.000000
0.405004 	 0.482965 	 525.000000
0.417224 	 0.405157 	 106.000000
0.489671 	 0.482044 	 1834.000000
0.519057 	 0.416206 	 388.000000
0.504801 	 0.441529 	 958.000000
0.532732 	 0.458564 	 318.000000
0.498691 	 0.459024 	 1265.000000
0.496945 	 0.451657 	 4221.000000
0.496945 	 0.443370 	 769.000000
0.587722 	 0.443370 	 531.000000
0.585103 	 0.424033 	 592.000000
0.587722 	 0.406538 	 1334.000000
0.581321 	 0.398250 	 230.000000
0.566482 	 0.388122 	 195.000000
0.644748 	 0.444291 	 2237.000000
0.594123 	 0.459945 	 719.000000
0.662496 	 0.456262 	 1363.000000
0.673553 	 0.464549 	 1375.000000
0.679662 	 0.470074 	 97.000000
0.690428 	 0.477901 	 1187.000000
0.713122 	 0.478361 	 124.000000
0.708467 	 0.473297 	 111.000000
0.722432 	 0.482505 	 2219.000000
0.725633 	 0.477901 	 214.000000
0.721559 	 0.477440 	 37.000000
0.720978 	 0.475138 	 127.000000
0.728833 	 0.466851 	 94.000000
0.716904 	 0.459484 	 253.000000
0.719814 	 0.457182 	 236.000000
0.725051 	 0.460405 	 92.000000
0.721559 	 0.446133 	 40.000000
0.718068 	 0.444291 	 65.000000
0.716613 	 0.441989 	 64.000000
0.718359 	 0.440147 	 55.000000
0.715450 	 0.453039 	 410.000000
0.714868 	 0.447974 	 237.000000
0.711958 	 0.443370 	 218.000000
0.707594 	 0.435083 	 431.000000
0.699447 	 0.420810 	 264.000000
0.717777 	 0.402394 	 904.000000
0.747163 	 0.435543 	 340.000000
0.752109 	 0.469153 	 104.000000
0.759674 	 0.438766 	 167.000000
0.766366 	 0.441989 	 87.000000
0.767821 	 0.447053 	 161.000000
0.771894 	 0.447053 	 344.000000
0.774804 	 0.443370 	 2712.000000
0.778004 	 0.446593 	 809.000000
0.779168 	 0.454880 	 676.000000
0.776840 	 0.456722 	 228.000000
0.775967 	 0.462707 	 168.000000
0.775676 	 0.464549 	 199.000000
0.778004 	 0.465930 	 207.000000
0.772185 	 0.457182 	 1635.000000
0.775095 	 0.471915 	 352.000000
0.775095 	 0.477901 	 256.000000
0.779168 	 0.479282 	 69.000000
0.771603 	 0.481123 	 337.000000
0.766948 	 0.467772 	 163.000000
0.768112 	 0.456722 	 150.000000
0.767530 	 0.452118 	 28.000000
0.769857 	 0.455341 	 162.000000
0.794297 	 0.445212 	 2499.000000
0.788769 	 0.436004 	 81.000000
0.775676 	 0.432781 	 46.000000
0.772476 	 0.421271 	 40.000000
0.769566 	 0.413444 	 44.000000
0.776549 	 0.412983 	 314.000000
0.773349 	 0.413904 	 42.000000
0.773058 	 0.409761 	 131.000000
0.771603 	 0.407459 	 48.000000
0.772767 	 0.403315 	 41.000000
0.775095 	 0.401473 	 105.000000
0.772767 	 0.396869 	 595.000000
0.775967 	 0.373389 	 61.000000
0.759674 	 0.379374 	 124.000000
0.724178 	 0.451657 	 90.000000
0.800989 	 0.477440 	 292.000000
0.802735 	 0.439687 	 458.000000
0.800116 	 0.434162 	 137.000000
0.805935 	 0.427256 	 263.000000
0.798080 	 0.428177 	 117.000000
0.803317 	 0.421731 	 66.000000
0.809718 	 0.431860 	 112.000000
0.813791 	 0.430018 	 218.000000
0.821356 	 0.436924 	 389.000000
0.831248 	 0.433241 	 475.000000
0.826884 	 0.441989 	 252.000000
0.836485 	 0.451197 	 314.000000
0.805935 	 0.408840 	 163.000000
0.807681 	 0.401013 	 339.000000
0.809718 	 0.401473 	 234.000000
0.811173 	 0.395488 	 944.000000
0.815537 	 0.388122 	 294.000000
0.817573 	 0.377072 	 35.000000
0.844050 	 0.413904 	 558.000000
0.892057 	 0.402855 	 1235.000000
0.886820 	 0.392726 	 131.000000
0.876346 	 0.375691 	 530.000000
0.883038 	 0.389503 	 622.000000
0.916497 	 0.477901 	 222.000000
0.920570 	 0.453499 	 1065.000000
0.898749 	 0.409300 	 573.000000
0.974687 	 0.418969 	 166.000000
0.982543 	 0.417127 	 52.000000
0.983998 	 0.409761 	 119.000000
0.990108 	 0.406538 	 225.000000
0.995345 	 0.407459 	 409.000000
1.000000 	 0.421271 	 803.000000
0.048298 	 0.261971 	 714.000000
0.051207 	 0.261971 	 664.000000
0.053244 	 0.265654 	 1727.000000
0.044516 	 0.273481 	 547.000000
0.041315 	 0.278085 	 587.000000
0.047425 	 0.276703 	 760.000000
0.050335 	 0.274862 	 111.000000
0.053826 	 0.277624 	 737.000000
0.061391 	 0.278545 	 14353.000000
0.061100 	 0.283610 	 2469.000000
0.053244 	 0.283149 	 315.000000
0.050335 	 0.283610 	 221.000000
0.046843 	 0.287753 	 747.000000
0.047716 	 0.291897 	 907.000000
0.043352 	 0.311234 	 1301.000000
0.053535 	 0.295120 	 863.000000
0.052953 	 0.302026 	 709.000000
0.059936 	 0.291897 	 691.000000
0.061100 	 0.299263 	 327.000000
0.056736 	 0.305249 	 1314.000000
0.063427 	 0.308011 	 1217.000000
0.063718 	 0.302026 	 528.000000
0.066337 	 0.298343 	 6909.000000
0.074193 	 0.302026 	 362.000000
0.068665 	 0.310313 	 315.000000
0.070410 	 0.311234 	 240.000000
0.073029 	 0.313536 	 432.000000
0.076229 	 0.306630 	 260.000000
0.074193 	 0.316298 	 764.000000
0.065755 	 0.320902 	 302.000000
0.055281 	 0.317219 	 1339.000000
0.059936 	 0.319982 	 691.000000
0.060809 	 0.326888 	 700.000000
0.063427 	 0.331952 	 268.000000
0.078266 	 0.320442 	 181.000000
0.079139 	 0.333794 	 413.000000
0.077393 	 0.337017 	 193.000000
0.066046 	 0.335635 	 311.000000
0.077102 	 0.342541 	 1462.000000
0.082339 	 0.344843 	 212.000000
0.066628 	 0.345304 	 441.000000
0.142566 	 0.362339 	 877.000000
0.083794 	 0.316298 	 3883.000000
0.089904 	 0.320902 	 955.000000
0.096596 	 0.322744 	 423.000000
0.103579 	 0.322744 	 556.000000
0.102124 	 0.330571 	 1463.000000
0.095723 	 0.335175 	 2341.000000
0.089904 	 0.336556 	 274.000000
0.086994 	 0.326427 	 324.000000
0.091068 	 0.328269 	 510.000000
0.181554 	 0.326888 	 1911.000000
0.183008 	 0.336096 	 2150.000000
0.180390 	 0.357274 	 1501.000000
0.171952 	 0.355893 	 2895.000000
0.175444 	 0.331031 	 345.000000
0.172243 	 0.332873 	 297.000000
0.170788 	 0.330571 	 1895.000000
0.168170 	 0.333333 	 1745.000000
0.166133 	 0.333794 	 477.000000
0.110562 	 0.327808 	 3638.000000
0.109107 	 0.339319 	 418.000000
0.099214 	 0.338398 	 648.000000
0.101833 	 0.346225 	 932.000000
0.094850 	 0.341160 	 382.000000
0.087285 	 0.333333 	 74.000000
0.082921 	 0.356814 	 1406.000000
0.092523 	 0.365101 	 384.000000
0.083794 	 0.367403 	 146.000000
0.104161 	 0.363720 	 982.000000
0.106488 	 0.358195 	 318.000000
0.107070 	 0.351750 	 278.000000
0.110271 	 0.346685 	 375.000000
0.112307 	 0.339779 	 581.000000
0.114053 	 0.339319 	 1618.000000
0.114344 	 0.365562 	 330.000000
0.117544 	 0.360497 	 235.000000
0.112016 	 0.355433 	 100.000000
0.115508 	 0.352210 	 202.000000
0.114344 	 0.349908 	 497.000000
0.120163 	 0.342541 	 13747.000000
0.114926 	 0.347145 	 226.000000
0.161769 	 0.337937 	 7350.000000
0.157696 	 0.339319 	 1229.000000
0.160023 	 0.346225 	 1981.000000
0.182136 	 0.323665 	 329.000000
0.157114 	 0.363720 	 6900.000000
0.155368 	 0.341160 	 15249.000000
0.125691 	 0.345304 	 3878.000000
0.124527 	 0.349908 	 1449.000000
0.122781 	 0.365562 	 405.000000
0.123363 	 0.359576 	 352.000000
0.123072 	 0.371087 	 317.000000
0.128601 	 0.354512 	 2143.000000
0.129764 	 0.362799 	 6703.000000
0.129182 	 0.348987 	 1008.000000
0.133838 	 0.351750 	 9512.000000
0.132965 	 0.341621 	 2662.000000
0.135001 	 0.367864 	 483.000000
0.137329 	 0.364180 	 5585.000000
0.136165 	 0.350829 	 5685.000000
0.138493 	 0.355433 	 17361.000000
0.143439 	 0.368785 	 2556.000000
0.143730 	 0.354052 	 11152.000000
0.150713 	 0.366943 	 4735.000000
0.109107 	 0.361418 	 121.000000
0.104161 	 0.342541 	 263.000000
0.118708 	 0.350829 	 852.000000
0.148967 	 0.345304 	 124746.000000
0.202793 	 0.270258 	 1836.000000
0.215304 	 0.264273 	 882.000000
0.213267 	 0.271639 	 339.000000
0.208903 	 0.273941 	 518.000000
0.214431 	 0.282228 	 3843.000000
0.215304 	 0.293738 	 788.000000
0.211813 	 0.299724 	 20069.000000
0.199884 	 0.310773 	 10142.000000
0.196392 	 0.316759 	 15743.000000
0.207739 	 0.317219 	 4008.000000
0.203375 	 0.321363 	 3741.000000
0.195810 	 0.320902 	 3270.000000
0.194065 	 0.321363 	 2082.000000
0.193483 	 0.323665 	 2180.000000
0.196392 	 0.325506 	 1105.000000
0.185627 	 0.322284 	 334.000000
0.189118 	 0.355433 	 138.000000
0.189700 	 0.363720 	 92.000000
0.193774 	 0.363720 	 969.000000
0.201047 	 0.359116 	 323.000000
0.203084 	 0.361878 	 270.000000
0.201047 	 0.371087 	 43.000000
0.190282 	 0.369245 	 377.000000
0.184754 	 0.367864 	 222.000000
0.244690 	 0.265193 	 920.000000
0.249345 	 0.318600 	 456.000000
0.261856 	 0.322744 	 3073.000000
0.278441 	 0.329650 	 889.000000
0.193483 	 0.348527 	 581.000000
0.197847 	 0.346685 	 692.000000
0.197847 	 0.340700 	 1727.000000
0.204539 	 0.349448 	 626.000000
0.209485 	 0.349448 	 3784.000000
0.240908 	 0.327808 	 268.000000
0.245272 	 0.337477 	 187.000000
0.244108 	 0.344843 	 524.000000
0.245272 	 0.348987 	 318.000000
0.247018 	 0.355433 	 123.000000
0.254582 	 0.368324 	 297.000000
0.250218 	 0.368785 	 436.000000
0.250218 	 0.355893 	 565.000000
0.187664 	 0.280847 	 742.000000
0.208903 	 0.368785 	 56.000000
0.289497 	 0.329650 	 6343.000000
0.314518 	 0.362339 	 3032.000000
0.320047 	 0.339319 	 1259.000000
0.330521 	 0.312615 	 2501.000000
0.303753 	 0.296041 	 774.000000
0.291242 	 0.276243 	 906.000000
0.356415 	 0.331031 	 3600.000000
0.379692 	 0.360958 	 769.000000
0.382310 	 0.331952 	 1156.000000
0.371836 	 0.273020 	 1652.000000
0.414024 	 0.293738 	 318.000000
0.407041 	 0.286372 	 428.000000
0.404422 	 0.283610 	 398.000000
0.401513 	 0.280387 	 348.000000
0.462613 	 0.263352 	 346.000000
0.469014 	 0.267035 	 128.000000
0.469887 	 0.264273 	 18.000000
0.475997 	 0.270718 	 440.000000
0.481525 	 0.278545 	 335.000000
0.485307 	 0.286832 	 933.000000
0.487926 	 0.284070 	 394.000000
0.488798 	 0.275783 	 43.000000
0.487053 	 0.297422 	 260.000000
0.532150 	 0.354052 	 272.000000
0.523422 	 0.340239 	 236.000000
0.517312 	 0.334254 	 78.000000
0.513820 	 0.330110 	 440.000000
0.509165 	 0.320442 	 417.000000
0.507419 	 0.319061 	 168.000000
0.505092 	 0.313996 	 88.000000
0.503637 	 0.313536 	 52.000000
0.502764 	 0.312615 	 56.000000
0.500436 	 0.307090 	 97.000000
0.497236 	 0.302947 	 67.000000
0.495199 	 0.296501 	 26.000000
0.491126 	 0.296961 	 349.000000
0.490544 	 0.290055 	 57.000000
0.496654 	 0.266575 	 173.000000
0.527495 	 0.343923 	 218.000000
0.569101 	 0.340700 	 66.000000
0.590922 	 0.353131 	 1891.000000
0.595578 	 0.263812 	 58.000000
0.598778 	 0.267035 	 87.000000
0.603142 	 0.275322 	 73.000000
0.601688 	 0.284530 	 102.000000
0.599942 	 0.290976 	 204.000000
0.613617 	 0.343923 	 1229.000000
0.624091 	 0.330110 	 405.000000
0.629619 	 0.335635 	 104.000000
0.628164 	 0.325506 	 194.000000
0.630783 	 0.333333 	 263.000000
0.634856 	 0.332413 	 73.000000
0.637765 	 0.332413 	 59.000000
0.633692 	 0.327808 	 1646.000000
0.639511 	 0.326427 	 65.000000
0.638929 	 0.321823 	 424.000000
0.631656 	 0.261971 	 98.000000
0.603433 	 0.309392 	 60.000000
0.665115 	 0.356814 	 817.000000
0.664242 	 0.368785 	 92.000000
0.665115 	 0.337477 	 15.000000
0.663951 	 0.331031 	 251.000000
0.661914 	 0.327808 	 47.000000
0.662205 	 0.325046 	 76.000000
0.663369 	 0.319982 	 144.000000
0.660751 	 0.319521 	 293.000000
0.643294 	 0.313996 	 58.000000
0.644166 	 0.300645 	 418.000000
0.648240 	 0.304328 	 98.000000
0.652313 	 0.295120 	 90.000000
0.651440 	 0.289595 	 1080.000000
0.657259 	 0.288214 	 89.000000
0.659587 	 0.277164 	 1231.000000
0.667152 	 0.341160 	 469.000000
0.667733 	 0.334715 	 300.000000
0.665406 	 0.324125 	 82.000000
0.667443 	 0.309853 	 445.000000
0.672389 	 0.299724 	 241.000000
0.672971 	 0.290516 	 293.000000
0.675007 	 0.293738 	 1132.000000
0.672389 	 0.268416 	 5777.000000
0.668024 	 0.269797 	 727.000000
0.660751 	 0.273481 	 401.000000
0.665406 	 0.371547 	 55.000000
0.662205 	 0.312615 	 413.000000
0.707303 	 0.276243 	 89.000000
0.729124 	 0.273941 	 371.000000
0.731161 	 0.287293 	 1149.000000
0.722723 	 0.357735 	 74.000000
0.732616 	 0.362799 	 144.000000
0.743963 	 0.367403 	 38.000000
0.750364 	 0.370166 	 430.000000
0.777131 	 0.354512 	 60.000000
0.787024 	 0.333333 	 146.000000
0.816701 	 0.358195 	 38.000000
0.880128 	 0.344843 	 2330.000000
0.872272 	 0.364641 	 3045.000000
0.819319 	 0.357274 	 96.000000
0.821938 	 0.344843 	 47.000000
0.823974 	 0.329650 	 273.000000
0.818737 	 0.269797 	 425.000000
0.811754 	 0.265193 	 520.000000
0.800407 	 0.264273 	 212.000000
0.856270 	 0.326888 	 871.000000
0.865580 	 0.346225 	 6512.000000
0.869654 	 0.353591 	 1118.000000
0.038115 	 0.186004 	 169491.000000
0.048880 	 0.183702 	 9140.000000
0.043061 	 0.258287 	 1083.000000
0.050626 	 0.253223 	 1828.000000
0.046552 	 0.245856 	 2372.000000
0.050335 	 0.244015 	 1927.000000
0.046261 	 0.241252 	 1122.000000
0.036951 	 0.244475 	 309.000000
0.045097 	 0.238029 	 1214.000000
0.062264 	 0.236188 	 674.000000
0.044225 	 0.232044 	 8732.000000
0.035205 	 0.222376 	 975.000000
0.043061 	 0.217772 	 1886.000000
0.041897 	 0.214549 	 1524.000000
0.057899 	 0.223297 	 1544.000000
0.058772 	 0.216390 	 1562.000000
0.059354 	 0.208564 	 1561.000000
0.064882 	 0.211786 	 249.000000
0.066337 	 0.202578 	 890.000000
0.052371 	 0.211326 	 4982.000000
0.057317 	 0.197974 	 841.000000
0.052080 	 0.195672 	 1870.000000
0.047425 	 0.193370 	 3869.000000
0.063718 	 0.194291 	 484.000000
0.034332 	 0.202578 	 6564.000000
0.038115 	 0.203499 	 2601.000000
0.022694 	 0.200737 	 19982.000000
0.014257 	 0.193831 	 2269.000000
0.024149 	 0.191989 	 28753.000000
0.058190 	 0.188766 	 2118.000000
0.047425 	 0.180939 	 6220.000000
0.005237 	 0.184162 	 1043.000000
0.009310 	 0.179558 	 366.000000
0.016002 	 0.180939 	 482.000000
0.032005 	 0.179558 	 23307.000000
0.029095 	 0.176796 	 15736.000000
0.049462 	 0.177256 	 10185.000000
0.000000 	 0.160681 	 643.000000
0.004946 	 0.160681 	 1000.000000
0.006692 	 0.170810 	 1796.000000
0.010765 	 0.172652 	 643.000000
0.014257 	 0.163444 	 484.000000
0.016002 	 0.157459 	 533.000000
0.027640 	 0.162523 	 2574.000000
0.025313 	 0.172192 	 2605.000000
0.023567 	 0.174033 	 9067.000000
0.032587 	 0.169429 	 4974.000000
0.048298 	 0.168048 	 6986.000000
0.029968 	 0.159300 	 1712.000000
0.037533 	 0.177256 	 14802.000000
0.201047 	 0.168969 	 1053.000000
0.206866 	 0.184162 	 1433.000000
0.211813 	 0.195672 	 3167.000000
0.219086 	 0.208564 	 13236.000000
0.218795 	 0.218232 	 4380.000000
0.209194 	 0.238490 	 1195.000000
0.206866 	 0.251381 	 2328.000000
0.228688 	 0.203499 	 1086.000000
0.232179 	 0.190608 	 3593.000000
0.226942 	 0.187845 	 390.000000
0.231015 	 0.174033 	 97.000000
0.236253 	 0.170350 	 897.000000
0.239162 	 0.166667 	 472.000000
0.240326 	 0.154236 	 507.000000
0.271458 	 0.153315 	 3062.000000
0.280477 	 0.166667 	 2019.000000
0.272331 	 0.166667 	 1246.000000
0.277859 	 0.174033 	 1970.000000
0.281641 	 0.180939 	 2367.000000
0.245272 	 0.219153 	 1017.000000
0.235089 	 0.191529 	 901.000000
0.233925 	 0.208103 	 5513.000000
0.234216 	 0.255064 	 2451.000000
0.230143 	 0.231584 	 5435.000000
0.224033 	 0.241713 	 7468.000000
0.222578 	 0.248619 	 890.000000
0.222287 	 0.258287 	 314.000000
0.207739 	 0.258287 	 235.000000
0.349724 	 0.228361 	 13732.000000
0.352051 	 0.234807 	 1317.000000
0.349724 	 0.235727 	 885.000000
0.353797 	 0.238490 	 874.000000
0.359034 	 0.238490 	 1181.000000
0.352633 	 0.221915 	 1687.000000
0.345359 	 0.238029 	 2912.000000
0.347396 	 0.240331 	 526.000000
0.366599 	 0.241713 	 633.000000
0.344196 	 0.214549 	 2237.000000
0.339249 	 0.238490 	 2494.000000
0.331394 	 0.221915 	 3028.000000
0.329648 	 0.227901 	 401.000000
0.380564 	 0.230203 	 661.000000
0.387838 	 0.228821 	 143.000000
0.386093 	 0.243554 	 311.000000
0.383474 	 0.247698 	 97.000000
0.380273 	 0.244936 	 323.000000
0.373873 	 0.241713 	 3290.000000
0.373291 	 0.253683 	 260.000000
0.322083 	 0.221915 	 2839.000000
0.369508 	 0.255064 	 82.000000
0.363689 	 0.208103 	 145.000000
0.364853 	 0.191989 	 290.000000
0.362525 	 0.188766 	 460.000000
0.362525 	 0.180018 	 185.000000
0.360489 	 0.170810 	 433.000000
0.366308 	 0.169890 	 596.000000
0.311318 	 0.195672 	 25353.000000
0.317719 	 0.212247 	 2004.000000
0.315391 	 0.186924 	 243.000000
0.320628 	 0.186924 	 1116.000000
0.327320 	 0.195672 	 394.000000
0.324702 	 0.208564 	 1779.000000
0.334012 	 0.207182 	 1668.000000
0.327902 	 0.186924 	 176.000000
0.329357 	 0.177716 	 221.000000
0.330812 	 0.167127 	 902.000000
0.294443 	 0.194751 	 3428.000000
0.299389 	 0.196593 	 5720.000000
0.287460 	 0.184622 	 2036.000000
0.321792 	 0.171271 	 1207.000000
0.317137 	 0.217772 	 573.000000
0.306372 	 0.178637 	 520.000000
0.311027 	 0.186924 	 782.000000
0.387256 	 0.223297 	 120.000000
0.400931 	 0.242634 	 221.000000
0.397440 	 0.240792 	 1179.000000
0.390166 	 0.243094 	 432.000000
0.481525 	 0.161602 	 191.000000
0.388711 	 0.233425 	 875.000000
0.391330 	 0.229282 	 157.000000
0.399767 	 0.239871 	 1215.000000
0.406459 	 0.239411 	 495.000000
0.410532 	 0.237569 	 1475.000000
0.407041 	 0.229742 	 520.000000
0.410532 	 0.225138 	 395.000000
0.414024 	 0.221455 	 668.000000
0.421880 	 0.240331 	 734.000000
0.424789 	 0.237569 	 743.000000
0.428280 	 0.238029 	 394.000000
0.429153 	 0.229282 	 6221.000000
0.425662 	 0.219153 	 208.000000
0.433518 	 0.212247 	 1489.000000
0.422461 	 0.201657 	 546.000000
0.426244 	 0.198435 	 1170.000000
0.429735 	 0.197514 	 560.000000
0.419843 	 0.180018 	 1325.000000
0.411114 	 0.168969 	 2273.000000
0.439919 	 0.157919 	 462.000000
0.431772 	 0.182320 	 265.000000
0.468432 	 0.182320 	 367.000000
0.459412 	 0.242173 	 1439.000000
0.460285 	 0.247698 	 652.000000
0.465813 	 0.261971 	 550.000000
0.457376 	 0.253223 	 563.000000
0.453011 	 0.246317 	 7046.000000
0.452720 	 0.241713 	 10829.000000
0.445738 	 0.241713 	 234.000000
0.442537 	 0.240792 	 650.000000
0.433809 	 0.233425 	 631.000000
0.590922 	 0.197974 	 114.000000
0.584230 	 0.186004 	 208.000000
0.578120 	 0.238029 	 58.000000
0.586267 	 0.239871 	 61.000000
0.590340 	 0.244015 	 427.000000
0.566482 	 0.229742 	 44.000000
0.591213 	 0.258748 	 505.000000
0.594123 	 0.163904 	 171.000000
0.597905 	 0.161142 	 106.000000
0.613035 	 0.174033 	 909.000000
0.616526 	 0.177256 	 541.000000
0.609252 	 0.185543 	 83.000000
0.606343 	 0.186004 	 248.000000
0.604597 	 0.187385 	 71.000000
0.599360 	 0.183702 	 83.000000
0.594996 	 0.185083 	 106.000000
0.592959 	 0.186464 	 63.000000
0.593832 	 0.197053 	 50.000000
0.619436 	 0.157459 	 782.000000
0.631656 	 0.159761 	 4974.000000
0.626127 	 0.168508 	 5542.000000
0.620017 	 0.178177 	 820.000000
0.622927 	 0.178637 	 639.000000
0.635729 	 0.167127 	 14438.000000
0.635729 	 0.170350 	 2851.000000
0.639220 	 0.173112 	 6113.000000
0.635729 	 0.175414 	 824.000000
0.638638 	 0.177256 	 499.000000
0.647076 	 0.176796 	 1952.000000
0.648822 	 0.176796 	 3572.000000
0.660460 	 0.174033 	 271.000000
0.661914 	 0.173573 	 835.000000
0.645039 	 0.191529 	 154.000000
0.648531 	 0.197053 	 299.000000
0.644457 	 0.203959 	 38.000000
0.643585 	 0.217311 	 799.000000
0.622927 	 0.188306 	 532.000000
0.622927 	 0.199355 	 658.000000
0.615362 	 0.201197 	 326.000000
0.614198 	 0.206262 	 277.000000
0.614489 	 0.208564 	 711.000000
0.609543 	 0.214549 	 172.000000
0.641257 	 0.152855 	 281.000000
0.645330 	 0.156998 	 620.000000
0.648240 	 0.159761 	 1226.000000
0.608670 	 0.220074 	 95.000000
0.608379 	 0.222376 	 206.000000
0.604015 	 0.229282 	 313.000000
0.591504 	 0.256446 	 240.000000
0.635147 	 0.257366 	 64.000000
0.635147 	 0.246777 	 965.000000
0.633110 	 0.235267 	 174.000000
0.672098 	 0.252302 	 485.000000
0.676171 	 0.243554 	 866.000000
0.675298 	 0.238490 	 1274.000000
0.680826 	 0.228361 	 568.000000
0.678790 	 0.221455 	 80.000000
0.680244 	 0.219613 	 404.000000
0.684609 	 0.216390 	 1535.000000
0.684609 	 0.203959 	 430.000000
0.687809 	 0.196133 	 558.000000
0.690719 	 0.195212 	 3698.000000
0.684318 	 0.184162 	 17170.000000
0.681408 	 0.182320 	 1628.000000
0.681408 	 0.168048 	 1716.000000
0.675589 	 0.163904 	 1820.000000
0.680244 	 0.173573 	 6951.000000
0.677917 	 0.179098 	 2436.000000
0.668897 	 0.173573 	 522.000000
0.666279 	 0.157919 	 102.000000
0.667443 	 0.162063 	 1488.000000
0.663369 	 0.160221 	 450.000000
0.686936 	 0.171731 	 386.000000
0.694501 	 0.203499 	 1085.000000
0.704684 	 0.207182 	 627.000000
0.708758 	 0.206722 	 2016.000000
0.712831 	 0.212707 	 895.000000
0.711085 	 0.217311 	 211.000000
0.712249 	 0.220534 	 125.000000
0.716613 	 0.220074 	 119.000000
0.715159 	 0.223297 	 150.000000
0.703521 	 0.224678 	 106.000000
0.717777 	 0.224678 	 425.000000
0.723305 	 0.245856 	 574.000000
0.704684 	 0.239871 	 136.000000
0.707303 	 0.240792 	 62.000000
0.706721 	 0.249079 	 33.000000
0.706430 	 0.256906 	 36.000000
0.696829 	 0.173573 	 181.000000
0.796334 	 0.260129 	 194.000000
0.803899 	 0.260589 	 200.000000
0.916497 	 0.260129 	 3374.000000
0.932499 	 0.225138 	 1272.000000
0.263020 	 0.093462 	 2558.000000
0.277859 	 0.053407 	 213.000000
0.272621 	 0.074125 	 657.000000
0.268839 	 0.123389 	 1209.000000
0.265057 	 0.119245 	 744.000000
0.250800 	 0.120626 	 662.000000
0.248473 	 0.131676 	 13484.000000
0.260692 	 0.140424 	 1073.000000
0.256619 	 0.149632 	 5038.000000
0.237416 	 0.118324 	 1295.000000
0.229852 	 0.107735 	 108.000000
0.226651 	 0.123389 	 313.000000
0.235380 	 0.140884 	 1101.000000
0.342450 	 0.136740 	 1560.000000
0.399185 	 0.090239 	 5387.000000
0.406168 	 0.113720 	 625.000000
0.407041 	 0.129834 	 362.000000
0.441664 	 0.142726 	 1051.000000
0.439919 	 0.135359 	 1543.000000
0.446319 	 0.127993 	 416.000000
0.636602 	 0.151473 	 658.000000
0.676753 	 0.118785 	 426.000000
0.641839 	 0.132136 	 89.000000
0.629910 	 0.139042 	 147.000000
0.627873 	 0.138122 	 147.000000
0.615944 	 0.144107 	 1918.000000
0.663369 	 0.143186 	 1282.000000
0.665988 	 0.142726 	 404.000000
0.665988 	 0.138582 	 560.000000
0.663078 	 0.133517 	 804.000000
0.661914 	 0.125230 	 282.000000
0.663369 	 0.118785 	 2330.000000
0.662787 	 0.109576 	 896.000000
0.662496 	 0.105893 	 973.000000
0.666279 	 0.107274 	 1540.000000
0.665988 	 0.104052 	 1123.000000
0.667443 	 0.098527 	 1521.000000
0.660751 	 0.096225 	 302.000000
0.661042 	 0.091621 	 1281.000000
0.657841 	 0.094843 	 524.000000
0.652313 	 0.092541 	 237.000000
0.649404 	 0.095764 	 244.000000
0.651731 	 0.099908 	 200.000000
0.653768 	 0.104052 	 105.000000
0.654641 	 0.107274 	 168.000000
0.656386 	 0.109116 	 117.000000
0.658714 	 0.107735 	 348.000000
0.663078 	 0.101750 	 989.000000
0.668606 	 0.111878 	 975.000000
0.671516 	 0.115562 	 425.000000
0.671225 	 0.118324 	 992.000000
0.673262 	 0.118785 	 1265.000000
0.674134 	 0.119245 	 538.000000
0.677335 	 0.122007 	 127.000000
0.681117 	 0.125230 	 332.000000
0.687809 	 0.130295 	 89.000000
0.688973 	 0.128453 	 486.000000
0.670061 	 0.115562 	 1197.000000
0.691301 	 0.125230 	 84.000000
0.677044 	 0.150552 	 391.000000
0.672971 	 0.143186 	 314.000000
0.675007 	 0.116022 	 473.000000
0.673262 	 0.103591 	 1443.000000
0.669188 	 0.104052 	 1061.000000
0.671807 	 0.098066 	 1207.000000
0.670934 	 0.097606 	 2023.000000
0.668315 	 0.091621 	 5354.000000
0.665697 	 0.087017 	 4562.000000
0.669479 	 0.087477 	 26529.000000
0.681990 	 0.087477 	 211.000000
0.675007 	 0.092541 	 5569.000000
0.675880 	 0.093923 	 5826.000000
0.675298 	 0.100829 	 1644.000000
0.676753 	 0.103131 	 1037.000000
0.678208 	 0.108656 	 1515.000000
0.679662 	 0.112339 	 361.000000
0.679662 	 0.115101 	 1360.000000
0.677917 	 0.094843 	 105.000000
0.679081 	 0.044199 	 934.000000
0.679081 	 0.050645 	 567.000000
0.678790 	 0.063536 	 777.000000
0.675589 	 0.050645 	 578.000000
0.673843 	 0.059392 	 727.000000
0.670061 	 0.061234 	 1431.000000
0.668024 	 0.048803 	 413.000000
0.663660 	 0.045120 	 715.000000
0.664242 	 0.048343 	 281.000000
0.667152 	 0.062615 	 666.000000
0.661914 	 0.064457 	 984.000000
0.661914 	 0.067680 	 333.000000
0.659005 	 0.068140 	 91.000000
0.667443 	 0.070442 	 410.000000
0.665406 	 0.067680 	 320.000000
0.668606 	 0.075506 	 906.000000
0.662787 	 0.075046 	 1889.000000
0.664533 	 0.077348 	 564.000000
0.669479 	 0.080571 	 3524.000000
0.666861 	 0.082413 	 1557.000000
0.666279 	 0.079650 	 1315.000000
0.663951 	 0.083333 	 814.000000
0.658714 	 0.082413 	 3266.000000
0.656677 	 0.084254 	 175.000000
0.654932 	 0.086096 	 55.000000
0.654350 	 0.077348 	 331.000000
0.657550 	 0.074586 	 1208.000000
0.646494 	 0.076427 	 779.000000
0.638056 	 0.081031 	 685.000000
0.640675 	 0.083333 	 567.000000
0.640093 	 0.089779 	 276.000000
0.649404 	 0.088858 	 625.000000
0.649695 	 0.086096 	 417.000000
0.645912 	 0.084715 	 422.000000
0.652022 	 0.076427 	 994.000000
0.655514 	 0.068600 	 3020.000000
0.649985 	 0.066759 	 793.000000
0.656386 	 0.081492 	 306.000000
0.695374 	 0.130755 	 129.000000
0.694501 	 0.128453 	 68.000000
0.675589 	 0.035912 	 2195.000000
0.677335 	 0.034530 	 628.000000
0.680535 	 0.019337 	 480.000000
0.680244 	 0.017956 	 6389.000000
0.674716 	 0.017956 	 1259.000000
0.679662 	 0.009669 	 2382.000000
0.684609 	 0.013812 	 1640.000000
0.684318 	 0.007827 	 3437.000000
0.691592 	 0.035912 	 240.000000
0.692464 	 0.032689 	 160.000000
0.690428 	 0.029006 	 61.000000
0.690137 	 0.024401 	 160.000000
0.688682 	 0.024401 	 73.000000
0.689264 	 0.019797 	 279.000000
0.688973 	 0.015193 	 611.000000
0.691301 	 0.011971 	 226.000000
0.687227 	 0.013812 	 3757.000000
0.690428 	 0.007827 	 2811.000000
0.689846 	 0.000000 	 8321.000000
0.678499 	 0.003683 	 2107.000000
0.673553 	 0.010129 	 786.000000
0.671807 	 0.014273 	 1309.000000
0.668606 	 0.007827 	 3228.000000
0.669188 	 0.020718 	 863.000000
0.671225 	 0.019337 	 493.000000
0.672389 	 0.023481 	 324.000000
0.671225 	 0.028545 	 284.000000
0.361653 	 0.875230 	 171888.000000
0.239162 	 0.705341 	 102.000000
0.273785 	 0.620166 	 293.000000
0.249636 	 0.495856 	 79.000000
0.591213 	 0.952578 	 34327.000000
0.592959 	 0.948895 	 2953.000000
0.478324 	 0.276703 	 38.000000
0.357288 	 0.866943 	 13930.000000
0.286296 	 0.162063 	 1005.000000
0.470759 	 0.272560 	 615.000000
0.152749 	 0.516114 	 41.000000
0.590340 	 0.763812 	 4622.000000
0.083503 	 0.322744 	 1479.000000
0.417515 	 0.189227 	 337.000000
