longitude 	 latitude 	 weight
0.445348 	 0.625912 	 50.000000
0.444879 	 0.664906 	 4.000000
0.464582 	 0.598742 	 33.000000
0.461923 	 0.628428 	 15.000000
0.458796 	 0.667925 	 1.000000
0.454574 	 0.718742 	 5.000000
0.452385 	 0.740126 	 87.000000
0.449101 	 0.764277 	 91.000000
0.448475 	 0.787673 	 45.000000
0.444253 	 0.809057 	 1.000000
0.494605 	 0.590943 	 41.000000
0.480375 	 0.609560 	 23.000000
0.480375 	 0.634717 	 26.000000
0.476153 	 0.677736 	 301.000000
0.472557 	 0.717233 	 53.000000
0.464269 	 0.740126 	 1.000000
0.466458 	 0.761006 	 80.000000
0.463800 	 0.791950 	 118.000000
0.453792 	 0.810818 	 1.000000
0.539171 	 0.575094 	 1.000000
0.516497 	 0.543648 	 15.000000
0.509617 	 0.570314 	 12.000000
0.511493 	 0.621384 	 60.000000
0.501798 	 0.647547 	 35.000000
0.496013 	 0.670943 	 138.000000
0.490383 	 0.696855 	 1.000000
0.490383 	 0.722767 	 173.000000
0.485066 	 0.763522 	 61.000000
0.475059 	 0.795220 	 1.000000
0.483503 	 0.798239 	 21.000000
0.521032 	 0.529057 	 8.000000
0.528069 	 0.580881 	 18.000000
0.526036 	 0.622390 	 35.000000
0.518217 	 0.647799 	 17.000000
0.528851 	 0.648553 	 22.000000
0.518843 	 0.682264 	 60.000000
0.510399 	 0.730063 	 65.000000
0.505864 	 0.767296 	 54.000000
0.501329 	 0.804025 	 39.000000
0.455043 	 0.700881 	 1.000000
0.445973 	 0.699371 	 1.000000
0.386396 	 0.460377 	 5.000000
0.379203 	 0.406792 	 115.000000
0.391243 	 0.402264 	 30.000000
0.396247 	 0.498616 	 98.000000
0.410633 	 0.487044 	 61.000000
0.405160 	 0.405031 	 79.000000
0.429085 	 0.411069 	 8.000000
0.426427 	 0.434969 	 193.000000
0.406568 	 0.423396 	 4.000000
0.462236 	 0.461132 	 654.000000
0.435340 	 0.488553 	 63.000000
0.424394 	 0.507170 	 22.000000
0.462236 	 0.497358 	 283.000000
0.454105 	 0.516478 	 150.000000
0.438311 	 0.531572 	 153.000000
0.451290 	 0.554465 	 20.000000
0.467866 	 0.525031 	 10.000000
0.468491 	 0.549686 	 13.000000
0.462549 	 0.567296 	 3.000000
0.479437 	 0.330818 	 19.000000
0.487881 	 0.397987 	 444.000000
0.491947 	 0.450566 	 54.000000
0.507740 	 0.511698 	 25.000000
0.489132 	 0.500629 	 21.000000
0.496169 	 0.390440 	 13.000000
0.502111 	 0.447296 	 19.000000
0.505551 	 0.481509 	 26.000000
0.427209 	 0.552201 	 90.000000
0.447381 	 0.597736 	 105.000000
0.386552 	 0.427421 	 73.000000
0.485536 	 0.332579 	 3.000000
0.549805 	 0.610314 	 1.000000
0.548084 	 0.630189 	 46.000000
0.540891 	 0.648302 	 28.000000
0.548241 	 0.708679 	 160.000000
0.545113 	 0.739119 	 1.000000
0.552150 	 0.783648 	 65.000000
0.532447 	 0.815346 	 152.000000
0.572791 	 0.621132 	 1.000000
0.568882 	 0.672704 	 61.000000
0.584050 	 0.710943 	 102.000000
0.569195 	 0.748428 	 49.000000
0.579984 	 0.793208 	 43.000000
0.588116 	 0.642013 	 1.000000
0.589054 	 0.754465 	 48.000000
0.595309 	 0.827421 	 27.000000
0.609539 	 0.823648 	 6.000000
0.522127 	 0.774591 	 49.000000
0.596403 	 0.792201 	 27.000000
0.558092 	 0.683019 	 19.000000
0.605786 	 0.844780 	 33.000000
0.615794 	 0.814088 	 1.000000
0.612666 	 0.800503 	 1.000000
0.645661 	 0.941887 	 37.000000
0.510868 	 0.878742 	 49.000000
0.511181 	 0.914969 	 54.000000
0.507740 	 0.949182 	 30.000000
0.506646 	 0.966541 	 12.000000
0.530884 	 0.843019 	 34.000000
0.529320 	 0.880252 	 58.000000
0.527600 	 0.920000 	 61.000000
0.525567 	 0.952201 	 23.000000
0.524003 	 0.969057 	 12.000000
0.555434 	 0.849811 	 96.000000
0.545582 	 0.884025 	 37.000000
0.544488 	 0.922767 	 46.000000
0.541360 	 0.964277 	 25.000000
0.562002 	 0.895597 	 52.000000
0.556216 	 0.927799 	 35.000000
0.565598 	 0.929560 	 31.000000
0.557936 	 0.969560 	 41.000000
0.578577 	 0.897358 	 33.000000
0.578108 	 0.930314 	 26.000000
0.578577 	 0.946918 	 28.000000
0.571384 	 0.971321 	 19.000000
0.579828 	 0.971824 	 17.000000
0.548866 	 0.998994 	 28.000000
0.596403 	 0.902390 	 39.000000
0.593120 	 0.945660 	 32.000000
0.588898 	 0.972075 	 5.000000
0.614230 	 0.874969 	 39.000000
0.609695 	 0.904151 	 36.000000
0.610946 	 0.927799 	 25.000000
0.610790 	 0.944654 	 22.000000
0.627678 	 0.886038 	 17.000000
0.628303 	 0.921006 	 32.000000
0.594371 	 0.999748 	 7.000000
0.609070 	 0.972075 	 1.000000
0.599531 	 0.868931 	 33.000000
0.425332 	 0.828176 	 88.000000
0.406568 	 0.879748 	 18.000000
0.400156 	 0.904151 	 49.000000
0.397654 	 0.922516 	 7.000000
0.388585 	 0.956226 	 1.000000
0.423769 	 0.873208 	 62.000000
0.412823 	 0.912201 	 26.000000
0.408913 	 0.930314 	 25.000000
0.401251 	 0.942642 	 13.000000
0.406099 	 0.954465 	 13.000000
0.446286 	 0.831698 	 20.000000
0.437217 	 0.873711 	 67.000000
0.422361 	 0.932579 	 34.000000
0.413604 	 0.967799 	 1.000000
0.462080 	 0.829686 	 127.000000
0.454574 	 0.880503 	 42.000000
0.444722 	 0.897358 	 84.000000
0.439093 	 0.930818 	 27.000000
0.431431 	 0.942390 	 2.000000
0.430180 	 0.957987 	 18.000000
0.448475 	 0.922767 	 37.000000
0.442533 	 0.955472 	 26.000000
0.471618 	 0.846792 	 96.000000
0.461142 	 0.919245 	 84.000000
0.454574 	 0.954969 	 33.000000
0.479437 	 0.885786 	 103.000000
0.465989 	 0.952956 	 34.000000
0.476779 	 0.942893 	 6.000000
0.496638 	 0.840252 	 31.000000
0.492572 	 0.875472 	 38.000000
0.490383 	 0.912704 	 94.000000
0.488350 	 0.954465 	 32.000000
0.345270 	 0.957233 	 9.000000
0.358249 	 0.963019 	 15.000000
0.365598 	 0.969057 	 5.000000
0.389367 	 0.954717 	 185.000000
0.403753 	 0.961761 	 54.000000
0.413604 	 0.967799 	 135.000000
0.524785 	 0.358491 	 6.000000
0.513683 	 0.384906 	 25.000000
0.516654 	 0.435975 	 16.000000
0.521032 	 0.459623 	 1.000000
0.528225 	 0.479497 	 1.000000
0.551056 	 0.545912 	 24.000000
0.536669 	 0.412075 	 19.000000
0.530727 	 0.431195 	 46.000000
0.535731 	 0.465409 	 30.000000
0.533542 	 0.503899 	 21.000000
0.547928 	 0.516730 	 11.000000
0.560751 	 0.545409 	 33.000000
0.572635 	 0.575346 	 20.000000
0.541673 	 0.390692 	 23.000000
0.549335 	 0.410566 	 30.000000
0.548241 	 0.436226 	 43.000000
0.549961 	 0.462138 	 37.000000
0.546052 	 0.490818 	 6.000000
0.568100 	 0.515472 	 51.000000
0.573260 	 0.534340 	 62.000000
0.565598 	 0.434465 	 15.000000
0.565129 	 0.456352 	 8.000000
0.560751 	 0.478239 	 16.000000
0.573104 	 0.496604 	 25.000000
0.589992 	 0.514969 	 37.000000
0.587647 	 0.559245 	 21.000000
0.551525 	 0.482013 	 22.000000
0.602189 	 0.525786 	 25.000000
0.571697 	 0.461635 	 40.000000
0.584206 	 0.474969 	 19.000000
0.596873 	 0.485031 	 27.000000
0.608444 	 0.504403 	 5.000000
0.625645 	 0.477736 	 31.000000
0.638468 	 0.464151 	 17.000000
0.544644 	 0.317736 	 41.000000
0.552150 	 0.331824 	 26.000000
0.564660 	 0.344906 	 21.000000
0.579515 	 0.357736 	 14.000000
0.568569 	 0.320000 	 39.000000
0.591712 	 0.354717 	 28.000000
0.614855 	 0.383899 	 2.000000
0.572166 	 0.291572 	 22.000000
0.579828 	 0.318239 	 26.000000
0.594683 	 0.341384 	 20.000000
0.604066 	 0.358994 	 22.000000
0.583425 	 0.295094 	 15.000000
0.591400 	 0.312453 	 1.000000
0.601564 	 0.327799 	 20.000000
0.595622 	 0.298365 	 2.000000
0.616575 	 0.324528 	 14.000000
0.621736 	 0.359748 	 21.000000
0.506802 	 0.252075 	 40.000000
0.494292 	 0.253333 	 56.000000
0.527756 	 0.219371 	 20.000000
0.540422 	 0.205786 	 3.000000
0.533542 	 0.231195 	 19.000000
0.513683 	 0.262138 	 4.000000
0.545739 	 0.271698 	 1.000000
0.513683 	 0.297358 	 43.000000
0.512432 	 0.174591 	 8.000000
0.520407 	 0.212075 	 2.000000
0.533073 	 0.380377 	 29.000000
0.551368 	 0.372830 	 1.000000
0.575606 	 0.384403 	 1.000000
0.613604 	 0.414591 	 1.000000
0.588741 	 0.418365 	 1.000000
0.584988 	 0.437233 	 1.000000
0.595309 	 0.454591 	 1.000000
0.489132 	 0.274717 	 1.000000
0.497889 	 0.287296 	 1.000000
0.605629 	 0.549686 	 29.000000
0.610321 	 0.567799 	 42.000000
0.615794 	 0.537107 	 1.000000
0.624238 	 0.568050 	 1.000000
0.623612 	 0.528553 	 26.000000
0.631900 	 0.560252 	 48.000000
0.633776 	 0.514717 	 46.000000
0.644879 	 0.556226 	 53.000000
0.644722 	 0.503899 	 58.000000
0.657545 	 0.552704 	 60.000000
0.654574 	 0.480503 	 28.000000
0.662862 	 0.512201 	 6.000000
0.672088 	 0.545409 	 2.000000
0.677248 	 0.572327 	 1.000000
0.664582 	 0.481509 	 23.000000
0.672557 	 0.506415 	 26.000000
0.679281 	 0.535849 	 21.000000
0.674277 	 0.436730 	 30.000000
0.680219 	 0.500377 	 31.000000
0.687881 	 0.526289 	 21.000000
0.690383 	 0.554717 	 17.000000
0.684597 	 0.578616 	 3.000000
0.680844 	 0.425660 	 32.000000
0.692885 	 0.440755 	 33.000000
0.693980 	 0.511447 	 30.000000
0.703987 	 0.511698 	 1.000000
0.707428 	 0.526289 	 8.000000
0.688194 	 0.414340 	 28.000000
0.699609 	 0.410818 	 70.000000
0.699609 	 0.451824 	 19.000000
0.706802 	 0.462390 	 16.000000
0.717435 	 0.468679 	 22.000000
0.724472 	 0.476981 	 13.000000
0.728382 	 0.435975 	 38.000000
0.757154 	 0.511950 	 25.000000
0.756529 	 0.496604 	 47.000000
0.761532 	 0.484277 	 37.000000
0.761063 	 0.465409 	 34.000000
0.784988 	 0.514214 	 32.000000
0.804535 	 0.520503 	 44.000000
0.813135 	 0.527547 	 41.000000
0.820172 	 0.534843 	 36.000000
0.705238 	 0.555723 	 40.000000
0.652854 	 0.407044 	 2.000000
0.761532 	 0.612327 	 10.000000
0.767944 	 0.617107 	 20.000000
0.776544 	 0.621132 	 20.000000
0.787490 	 0.625409 	 17.000000
0.805786 	 0.632453 	 23.000000
0.679437 	 0.469182 	 1.000000
0.700078 	 0.485786 	 1.000000
0.721501 	 0.500377 	 1.000000
0.742924 	 0.520755 	 1.000000
0.739328 	 0.569560 	 1.000000
0.664582 	 0.454843 	 1.000000
0.711024 	 0.443774 	 1.000000
0.727443 	 0.458365 	 1.000000
0.744801 	 0.447296 	 1.000000
0.773104 	 0.510692 	 1.000000
0.785145 	 0.488050 	 1.000000
0.739797 	 0.476981 	 1.000000
0.776075 	 0.591698 	 1.000000
0.796247 	 0.596730 	 1.000000
0.808131 	 0.622893 	 1.000000
0.821736 	 0.576101 	 1.000000
0.612041 	 0.647296 	 1.000000
0.604066 	 0.597987 	 26.000000
0.613292 	 0.590692 	 26.000000
0.617045 	 0.629686 	 28.000000
0.622830 	 0.659874 	 25.000000
0.632056 	 0.756981 	 52.000000
0.624707 	 0.589686 	 20.000000
0.628460 	 0.621384 	 30.000000
0.631587 	 0.655597 	 39.000000
0.635966 	 0.690566 	 31.000000
0.639249 	 0.724277 	 30.000000
0.642846 	 0.753459 	 24.000000
0.646286 	 0.779119 	 17.000000
0.650508 	 0.808302 	 18.000000
0.639406 	 0.805031 	 1.000000
0.653010 	 0.838491 	 17.000000
0.635653 	 0.587170 	 11.000000
0.639249 	 0.617862 	 31.000000
0.642690 	 0.651824 	 21.000000
0.645973 	 0.678994 	 20.000000
0.650821 	 0.698616 	 1.000000
0.655512 	 0.719748 	 1.000000
0.653948 	 0.750943 	 17.000000
0.656919 	 0.776855 	 19.000000
0.660360 	 0.806038 	 17.000000
0.663174 	 0.831698 	 11.000000
0.644879 	 0.585912 	 13.000000
0.648475 	 0.613333 	 26.000000
0.652541 	 0.649057 	 19.000000
0.656138 	 0.677736 	 16.000000
0.663800 	 0.747170 	 16.000000
0.666771 	 0.774088 	 17.000000
0.670055 	 0.802767 	 16.000000
0.672400 	 0.829434 	 12.000000
0.664582 	 0.644025 	 64.000000
0.665051 	 0.621887 	 18.000000
0.668335 	 0.675975 	 25.000000
0.670993 	 0.712956 	 28.000000
0.675059 	 0.743899 	 22.000000
0.678655 	 0.769811 	 22.000000
0.681314 	 0.799748 	 27.000000
0.684128 	 0.823145 	 16.000000
0.670367 	 0.600503 	 27.000000
0.674902 	 0.636226 	 31.000000
0.678812 	 0.673459 	 23.000000
0.683190 	 0.711195 	 27.000000
0.686317 	 0.735597 	 1.000000
0.687725 	 0.753208 	 1.000000
0.689914 	 0.769811 	 15.000000
0.692572 	 0.795723 	 22.000000
0.684597 	 0.634969 	 47.000000
0.688507 	 0.671698 	 25.000000
0.692572 	 0.707925 	 28.000000
0.696951 	 0.738868 	 19.000000
0.699296 	 0.767296 	 18.000000
0.702267 	 0.791447 	 24.000000
0.694292 	 0.611321 	 42.000000
0.692572 	 0.632956 	 14.000000
0.698202 	 0.669182 	 124.000000
0.701016 	 0.706918 	 48.000000
0.704613 	 0.735346 	 25.000000
0.708522 	 0.764528 	 21.000000
0.698202 	 0.597987 	 20.000000
0.703518 	 0.614843 	 11.000000
0.708053 	 0.671698 	 42.000000
0.710086 	 0.689811 	 24.000000
0.715715 	 0.794214 	 33.000000
0.716497 	 0.629434 	 35.000000
0.716028 	 0.661132 	 32.000000
0.717592 	 0.706415 	 34.000000
0.718530 	 0.735597 	 32.000000
0.725567 	 0.660629 	 1.000000
0.726974 	 0.704654 	 19.000000
0.727912 	 0.730063 	 28.000000
0.734636 	 0.724528 	 7.000000
0.734324 	 0.660126 	 33.000000
0.743706 	 0.667925 	 44.000000
0.753245 	 0.676478 	 23.000000
0.741986 	 0.636981 	 14.000000
0.780766 	 0.639245 	 18.000000
0.757310 	 0.637736 	 1.000000
0.748084 	 0.627170 	 1.000000
0.693980 	 0.817610 	 1.000000
0.811415 	 0.449560 	 48.000000
0.837060 	 0.396730 	 19.000000
0.816732 	 0.383648 	 1.000000
0.820172 	 0.366289 	 22.000000
0.827678 	 0.375094 	 22.000000
0.827991 	 0.322013 	 32.000000
0.836122 	 0.327547 	 3.000000
0.847850 	 0.301132 	 10.000000
0.879593 	 0.155220 	 13.000000
0.908522 	 0.172075 	 23.000000
0.920876 	 0.200000 	 17.000000
0.952932 	 0.187925 	 17.000000
0.976388 	 0.158491 	 21.000000
0.995622 	 0.128050 	 16.000000
0.997811 	 0.089308 	 33.000000
0.991087 	 0.078239 	 33.000000
0.982174 	 0.071698 	 36.000000
0.973729 	 0.061132 	 38.000000
0.967475 	 0.093082 	 26.000000
0.963096 	 0.107673 	 25.000000
0.985145 	 0.111195 	 25.000000
0.980141 	 0.124025 	 23.000000
0.958718 	 0.122013 	 44.000000
0.954183 	 0.137862 	 47.000000
0.944175 	 0.147673 	 38.000000
0.937295 	 0.157987 	 38.000000
0.933073 	 0.172075 	 31.000000
0.930258 	 0.188176 	 29.000000
0.918061 	 0.166541 	 30.000000
0.933855 	 0.124025 	 22.000000
0.941048 	 0.109182 	 31.000000
0.944957 	 0.094340 	 35.000000
0.947928 	 0.078742 	 30.000000
0.965598 	 0.050566 	 38.000000
0.951681 	 0.051321 	 37.000000
0.936982 	 0.042264 	 36.000000
0.927443 	 0.036730 	 35.000000
0.914152 	 0.063648 	 23.000000
0.921814 	 0.073208 	 25.000000
0.912588 	 0.084277 	 32.000000
0.924316 	 0.118742 	 22.000000
0.912588 	 0.152201 	 25.000000
0.912119 	 0.121761 	 43.000000
0.903518 	 0.113459 	 34.000000
0.891478 	 0.109686 	 1.000000
0.782174 	 0.422893 	 1.000000
0.840344 	 0.258365 	 10.000000
0.869586 	 0.294088 	 23.000000
0.861611 	 0.263145 	 26.000000
0.887725 	 0.279748 	 32.000000
0.857545 	 0.230189 	 19.000000
0.870993 	 0.234717 	 24.000000
0.884128 	 0.251824 	 21.000000
0.896482 	 0.254340 	 29.000000
0.886317 	 0.215849 	 20.000000
0.872557 	 0.195220 	 25.000000
0.880063 	 0.155975 	 17.000000
0.902893 	 0.290566 	 1.000000
0.906489 	 0.245535 	 12.000000
0.893980 	 0.193459 	 1.000000
0.138389 	 0.375094 	 10.000000
0.136357 	 0.398239 	 10.000000
0.158405 	 0.280000 	 1.000000
0.160438 	 0.330063 	 25.000000
0.170758 	 0.383396 	 9.000000
0.153557 	 0.376352 	 20.000000
0.195778 	 0.202516 	 19.000000
0.172478 	 0.246289 	 11.000000
0.170915 	 0.321258 	 16.000000
0.177170 	 0.369057 	 7.000000
0.169507 	 0.436981 	 27.000000
0.186708 	 0.461887 	 12.000000
0.212353 	 0.473962 	 10.000000
0.240813 	 0.473711 	 1.000000
0.275684 	 0.473208 	 12.000000
0.324472 	 0.472201 	 5.000000
0.167631 	 0.414843 	 20.000000
0.185145 	 0.436730 	 18.000000
0.185614 	 0.410314 	 16.000000
0.200313 	 0.430440 	 1.000000
0.204691 	 0.446792 	 12.000000
0.206255 	 0.418365 	 13.000000
0.219390 	 0.435472 	 39.000000
0.244566 	 0.412579 	 22.000000
0.251916 	 0.423145 	 12.000000
0.247381 	 0.440755 	 11.000000
0.253636 	 0.452579 	 6.000000
0.283972 	 0.401006 	 14.000000
0.316028 	 0.412075 	 13.000000
0.297733 	 0.427673 	 17.000000
0.294918 	 0.443522 	 19.000000
0.310555 	 0.453333 	 18.000000
0.301642 	 0.397987 	 13.000000
0.207506 	 0.403019 	 16.000000
0.242377 	 0.394717 	 19.000000
0.278812 	 0.377107 	 27.000000
0.193589 	 0.225660 	 20.000000
0.182643 	 0.270692 	 17.000000
0.182486 	 0.336352 	 32.000000
0.209226 	 0.380629 	 15.000000
0.236435 	 0.377862 	 15.000000
0.210008 	 0.245031 	 1.000000
0.208288 	 0.272956 	 24.000000
0.205004 	 0.292579 	 16.000000
0.194058 	 0.333585 	 11.000000
0.218452 	 0.363019 	 24.000000
0.242690 	 0.282767 	 44.000000
0.228460 	 0.295346 	 25.000000
0.218452 	 0.308931 	 18.000000
0.212666 	 0.328805 	 1.000000
0.217670 	 0.347170 	 1.000000
0.236904 	 0.348931 	 16.000000
0.257858 	 0.371572 	 12.000000
0.245035 	 0.337610 	 27.000000
0.257389 	 0.323522 	 49.000000
0.270211 	 0.339623 	 72.000000
0.061142 	 0.373585 	 18.000000
0.075841 	 0.397736 	 16.000000
0.072713 	 0.367296 	 36.000000
0.077873 	 0.380629 	 28.000000
0.089132 	 0.392453 	 25.000000
0.098045 	 0.383396 	 29.000000
0.146990 	 0.308428 	 25.000000
0.151525 	 0.225912 	 28.000000
0.173104 	 0.178616 	 20.000000
0.163409 	 0.168050 	 14.000000
0.155434 	 0.181887 	 8.000000
0.138546 	 0.232201 	 16.000000
0.133229 	 0.278994 	 14.000000
0.135106 	 0.324277 	 27.000000
0.123534 	 0.335597 	 28.000000
0.121658 	 0.280755 	 12.000000
0.124316 	 0.244277 	 11.000000
0.110242 	 0.275723 	 18.000000
0.109304 	 0.328050 	 27.000000
0.093823 	 0.324025 	 1.000000
0.096951 	 0.284780 	 11.000000
0.083503 	 0.292830 	 17.000000
0.014386 	 0.308428 	 5.000000
0.139797 	 0.172075 	 1.000000
0.000000 	 0.027673 	 20.000000
0.011259 	 0.138868 	 24.000000
0.013761 	 0.055346 	 20.000000
0.022518 	 0.137358 	 26.000000
0.025645 	 0.058616 	 12.000000
0.032056 	 0.123270 	 22.000000
0.044410 	 0.015346 	 7.000000
0.049101 	 0.080252 	 7.000000
0.058952 	 0.065660 	 19.000000
0.074433 	 0.110692 	 8.000000
0.084441 	 0.100629 	 15.000000
0.089445 	 0.048050 	 8.000000
0.100704 	 0.047547 	 6.000000
0.104926 	 0.077736 	 5.000000
0.112588 	 0.044277 	 1.000000
0.114934 	 0.068428 	 1.000000
0.064582 	 0.159497 	 1.000000
0.050977 	 0.167547 	 8.000000
0.041908 	 0.183396 	 14.000000
0.032525 	 0.194465 	 13.000000
0.021579 	 0.199245 	 1.000000
0.126818 	 0.007547 	 18.000000
0.140891 	 0.000000 	 17.000000
0.174511 	 0.024403 	 64.000000
0.093041 	 0.080252 	 1.000000
0.131978 	 0.090566 	 1.000000
0.108835 	 0.571824 	 1.000000
0.063800 	 0.419371 	 5.000000
0.061923 	 0.436226 	 11.000000
0.060047 	 0.457358 	 13.000000
0.058796 	 0.476730 	 5.000000
0.056294 	 0.498868 	 10.000000
0.042220 	 0.412075 	 3.000000
0.040813 	 0.425912 	 11.000000
0.039562 	 0.446792 	 12.000000
0.038937 	 0.467925 	 10.000000
0.036904 	 0.486038 	 9.000000
0.026896 	 0.514717 	 13.000000
0.074277 	 0.523270 	 5.000000
0.077561 	 0.542893 	 8.000000
0.080063 	 0.562516 	 10.000000
0.082095 	 0.579623 	 1.000000
0.084754 	 0.609560 	 3.000000
0.085692 	 0.631698 	 1.000000
0.048944 	 0.530566 	 7.000000
0.052228 	 0.550943 	 3.000000
0.053792 	 0.571321 	 5.000000
0.057076 	 0.588931 	 5.000000
0.018921 	 0.544151 	 10.000000
0.021736 	 0.565031 	 2.000000
0.024707 	 0.587170 	 1.000000
0.091009 	 0.659119 	 1.000000
0.084754 	 0.491321 	 1.000000
0.085692 	 0.413585 	 1.000000
0.106489 	 0.370818 	 1.000000
0.132916 	 0.383648 	 1.000000
0.128382 	 0.373333 	 1.000000
0.068804 	 0.310189 	 1.000000
0.217045 	 0.119245 	 62.000000
0.239719 	 0.161258 	 51.000000
0.230805 	 0.104151 	 86.000000
0.254418 	 0.147925 	 97.000000
0.245035 	 0.089811 	 61.000000
0.267396 	 0.131824 	 105.000000
0.258640 	 0.063396 	 175.000000
0.272088 	 0.111698 	 15.000000
0.283815 	 0.127547 	 28.000000
0.290696 	 0.146164 	 11.000000
0.292729 	 0.027170 	 15.000000
0.289758 	 0.075723 	 253.000000
0.296638 	 0.102138 	 37.000000
0.332447 	 0.100629 	 115.000000
0.305395 	 0.137358 	 33.000000
0.313370 	 0.148931 	 22.000000
0.305551 	 0.030692 	 12.000000
0.322127 	 0.026415 	 7.000000
0.323847 	 0.041509 	 62.000000
0.311493 	 0.056855 	 5.000000
0.319312 	 0.054591 	 1.000000
0.317748 	 0.089057 	 45.000000
0.318999 	 0.125786 	 21.000000
0.329007 	 0.132579 	 37.000000
0.336044 	 0.046289 	 51.000000
0.346521 	 0.098616 	 39.000000
0.359030 	 0.096855 	 41.000000
0.367631 	 0.109937 	 27.000000
0.357310 	 0.126289 	 22.000000
0.359969 	 0.141635 	 22.000000
0.376231 	 0.122767 	 23.000000
0.381392 	 0.137358 	 27.000000
0.213292 	 0.160503 	 24.000000
0.203597 	 0.089560 	 19.000000
0.213448 	 0.063899 	 35.000000
0.348710 	 0.051572 	 16.000000
0.231744 	 0.058868 	 63.000000
0.205004 	 0.046289 	 120.000000
0.247224 	 0.004780 	 100.000000
0.194996 	 0.127296 	 9.000000
0.184050 	 0.142138 	 5.000000
0.187803 	 0.113208 	 12.000000
0.176075 	 0.128553 	 8.000000
0.206255 	 0.188931 	 5.000000
0.193432 	 0.163270 	 12.000000
0.169664 	 0.109686 	 1.000000
0.336200 	 0.079245 	 1.000000
0.279593 	 0.066667 	 1.000000
0.254105 	 0.187170 	 55.000000
0.303206 	 0.343899 	 18.000000
0.307428 	 0.355723 	 129.000000
0.326192 	 0.401761 	 467.000000
0.331822 	 0.336855 	 184.000000
0.331822 	 0.366792 	 135.000000
0.341360 	 0.389937 	 1.000000
0.347928 	 0.387673 	 37.000000
0.354027 	 0.429182 	 129.000000
0.344332 	 0.439748 	 5.000000
0.312588 	 0.165535 	 16.000000
0.318999 	 0.180126 	 30.000000
0.322596 	 0.196981 	 200.000000
0.326036 	 0.219874 	 143.000000
0.339015 	 0.239497 	 1.000000
0.338389 	 0.272956 	 152.000000
0.343862 	 0.300126 	 195.000000
0.346052 	 0.327296 	 22.000000
0.355278 	 0.361761 	 33.000000
0.358718 	 0.320755 	 37.000000
0.366693 	 0.357233 	 283.000000
0.332291 	 0.159245 	 4.000000
0.341048 	 0.168050 	 25.000000
0.344019 	 0.184654 	 208.000000
0.348554 	 0.206792 	 179.000000
0.354652 	 0.228428 	 188.000000
0.361532 	 0.257107 	 88.000000
0.368413 	 0.281006 	 120.000000
0.374824 	 0.310440 	 23.000000
0.381548 	 0.346415 	 183.000000
0.361220 	 0.167044 	 18.000000
0.366536 	 0.196981 	 17.000000
0.371071 	 0.164277 	 31.000000
0.377013 	 0.191447 	 19.000000
0.393120 	 0.146667 	 42.000000
0.385457 	 0.164025 	 19.000000
0.391400 	 0.178868 	 19.000000
0.401251 	 0.163522 	 1.000000
0.325254 	 0.244025 	 71.000000
0.298514 	 0.310440 	 6.000000
0.301016 	 0.267673 	 20.000000
0.266771 	 0.277736 	 9.000000
0.297107 	 0.248553 	 13.000000
0.261298 	 0.258365 	 17.000000
0.292885 	 0.229434 	 18.000000
0.255981 	 0.241761 	 14.000000
0.288350 	 0.211321 	 19.000000
0.250977 	 0.221887 	 23.000000
0.286474 	 0.191447 	 20.000000
0.220016 	 0.210566 	 13.000000
0.430805 	 0.143396 	 12.000000
0.415324 	 0.187673 	 1.000000
0.400782 	 0.244528 	 31.000000
0.456138 	 0.157987 	 128.000000
0.436278 	 0.225660 	 1.000000
0.417670 	 0.301887 	 301.000000
0.405629 	 0.315220 	 211.000000
0.392494 	 0.310692 	 166.000000
0.484754 	 0.123522 	 9.000000
0.478968 	 0.170063 	 50.000000
0.466302 	 0.209308 	 9.000000
0.441751 	 0.249057 	 29.000000
0.440344 	 0.272704 	 1.000000
0.428303 	 0.292327 	 243.000000
0.427052 	 0.323270 	 144.000000
0.405160 	 0.379119 	 55.000000
0.483972 	 0.194214 	 21.000000
0.478499 	 0.214591 	 2.000000
0.457232 	 0.281509 	 15.000000
0.451290 	 0.308176 	 39.000000
0.466145 	 0.293333 	 27.000000
0.464269 	 0.320503 	 16.000000
0.437529 	 0.328805 	 26.000000
0.422674 	 0.355723 	 139.000000
0.432682 	 0.360000 	 90.000000
0.444410 	 0.352704 	 33.000000
0.459109 	 0.396478 	 375.000000
0.420016 	 0.385912 	 87.000000
0.431274 	 0.390943 	 83.000000
0.440500 	 0.391447 	 7.000000
0.497420 	 0.198742 	 5.000000
0.463018 	 0.337107 	 16.000000
0.476622 	 0.233208 	 3.000000
0.488194 	 0.239245 	 3.000000
0.454730 	 0.224654 	 1.000000
0.509930 	 0.212075 	 1.000000
0.439719 	 0.298365 	 1.000000
0.437998 	 0.314465 	 1.000000
0.475528 	 0.252327 	 1.000000
0.525723 	 0.069434 	 21.000000
0.514464 	 0.106415 	 2.000000
0.513213 	 0.056604 	 5.000000
0.501486 	 0.082767 	 14.000000
0.500391 	 0.044277 	 20.000000
0.490227 	 0.068931 	 11.000000
0.491165 	 0.034717 	 35.000000
0.479750 	 0.049308 	 10.000000
0.481314 	 0.023648 	 25.000000
0.463643 	 0.027925 	 15.000000
0.472244 	 0.010063 	 17.000000
0.459421 	 0.002767 	 22.000000
0.929945 	 0.727296 	 5.000000
0.935418 	 0.716478 	 19.000000
0.945739 	 0.744906 	 11.000000
0.948866 	 0.734088 	 18.000000
0.953088 	 0.718994 	 23.000000
0.958249 	 0.702893 	 16.000000
0.966693 	 0.691824 	 7.000000
0.991087 	 0.676226 	 3.000000
0.980453 	 0.686289 	 20.000000
0.978108 	 0.702138 	 18.000000
0.972166 	 0.716478 	 21.000000
0.966693 	 0.730566 	 21.000000
0.962002 	 0.746918 	 15.000000
0.965285 	 0.763774 	 2.000000
0.997342 	 0.698113 	 20.000000
0.991869 	 0.715220 	 20.000000
0.986708 	 0.729811 	 1.000000
0.981235 	 0.746415 	 19.000000
0.977326 	 0.760252 	 30.000000
0.988741 	 0.786667 	 8.000000
0.992651 	 0.774591 	 19.000000
0.997654 	 0.758239 	 22.000000
0.963253 	 0.670692 	 6.000000
0.845817 	 0.664906 	 10.000000
0.855981 	 0.669434 	 22.000000
0.878030 	 0.681258 	 21.000000
0.886161 	 0.684528 	 22.000000
0.854105 	 0.627673 	 12.000000
0.863018 	 0.632704 	 30.000000
0.869116 	 0.637233 	 31.000000
0.878812 	 0.641509 	 32.000000
0.885848 	 0.647044 	 32.000000
0.893041 	 0.649057 	 32.000000
0.904769 	 0.670440 	 408.000000
0.936200 	 0.692579 	 647.000000
0.844566 	 0.829434 	 147.000000
0.849257 	 0.864151 	 1.000000
0.853479 	 0.851572 	 15.000000
0.859421 	 0.832201 	 22.000000
0.870680 	 0.822390 	 25.000000
0.879281 	 0.817358 	 6.000000
0.893198 	 0.820377 	 1.000000
0.881470 	 0.845031 	 15.000000
0.885379 	 0.854088 	 31.000000
0.872869 	 0.860377 	 31.000000
0.860203 	 0.866164 	 17.000000
0.891790 	 0.872201 	 14.000000
0.900391 	 0.845786 	 1.000000
0.904613 	 0.823396 	 1.000000
0.934793 	 0.828428 	 29.000000
0.927287 	 0.843774 	 32.000000
0.921970 	 0.859371 	 35.000000
0.916497 	 0.875472 	 35.000000
0.910555 	 0.890818 	 38.000000
0.906020 	 0.910189 	 29.000000
0.903831 	 0.928050 	 50.000000
0.967318 	 0.835975 	 29.000000
0.958249 	 0.847799 	 36.000000
0.950899 	 0.862893 	 38.000000
0.946208 	 0.879748 	 36.000000
0.941986 	 0.895094 	 37.000000
0.936513 	 0.911195 	 32.000000
0.930571 	 0.930314 	 37.000000
0.924785 	 0.945912 	 42.000000
0.988898 	 0.836478 	 15.000000
0.987959 	 0.852075 	 35.000000
0.981548 	 0.867925 	 35.000000
0.979203 	 0.885786 	 29.000000
0.973886 	 0.902893 	 43.000000
0.970289 	 0.918994 	 42.000000
0.965754 	 0.934088 	 43.000000
0.957780 	 0.952201 	 47.000000
0.956372 	 0.972075 	 50.000000
1.000000 	 0.874969 	 111.000000
0.981235 	 0.982138 	 49.000000
0.912275 	 0.774843 	 7.000000
0.812197 	 0.738868 	 34.000000
0.826114 	 0.731824 	 63.000000
0.834715 	 0.742390 	 74.000000
0.841908 	 0.743396 	 45.000000
0.866302 	 0.738868 	 992.000000
0.829867 	 0.806038 	 1.000000
0.997498 	 0.953459 	 26.000000
0.998124 	 1.000000 	 29.000000
0.989367 	 0.993962 	 42.000000
